WARNING: ignoring environment value of R_HOME
$noise
[1] 0.2

$plot
[1] TRUE

$rounds
[1] 10

$samp
[1] 100

$seed
[1] 0

$simu
[1] "ggm"

$size
[1] "tiny"

$verbose
[1] TRUE

i: 1; seed: 0
Working with data/temp/tiny.nSample100.sigma0.2.csv ...
=================================================

------------- GeneNet -------------
------------- NS -------------
0.01 0.2827375 0.882533 
0.02 0.5628062 0.8893597 
0.03 0.8403698 0.8945386 
0.04 1.115583 0.9044256 
0.05 1.388593 0.9103107 
0.06 1.659539 0.9192561 
0.07 1.928554 0.9251412 
0.08 2.195765 0.9303202 
0.09 2.461292 0.9359699 
0.1 2.725253 0.9385593 
0.12 3.248915 0.9465631 
0.14 3.767595 0.9500942 
0.16 4.282083 0.9552731 
0.18 4.79312 0.9559793 
0.2 5.301412 0.9599812 
0.22 5.807636 0.961629 
0.24 6.312446 0.961629 
0.26 6.816479 0.9649247 
0.28 7.320362 0.9453861 
0.3 7.824719 0.9475047 
0.32 8.330171 0.9491525 
0.34 8.83735 0.9498588 
0.36 9.346897 0.9493879 
0.38 9.85947 0.9522128 
0.4 10.37575 0.9531544 
0.42 10.89646 0.9533898 
0.44 11.42234 0.9538606 
0.46 11.9542 0.9550377 
0.48 12.49289 0.9562147 
0.5 13.03932 0.9562147 
0.54 14.15956 0.9576271 
0.58 15.32418 0.959275 
0.62 16.54471 0.9597458 
0.66 17.83593 0.9580979 
0.7 19.2175 0.9366761 
0.74 20.71675 0.9117232 
0.78 22.37367 0.9131356 
0.82 24.25077 0.9138418 
0.86 26.45519 0.9152542 
0.9 29.19728 0.9166667 
0.94 32.99917 0.9166667 
0.98 40.1272 0.8888889 
------------- glasso -------------
0.01 0.9597458 
0.02 0.9665725 
0.03 0.9686911 
0.04 0.9698682 
0.05 0.9729284 
0.06 0.971516 
0.07 0.9719868 
0.08 0.9729284 
0.09 0.9762241 
0.1 0.9766949 
0.12 0.9785782 
0.14 0.9799906 
0.16 0.9821092 
0.18 0.959275 
0.2 0.9599812 
0.22 0.9597458 
0.24 0.9595104 
0.26 0.9359699 
0.28 0.9362053 
0.3 0.9387947 
0.32 0.9397363 
0.34 0.9131356 
0.36 0.886064 
0.38 0.8879473 
0.4 0.8888889 
0.42 0.8888889 
0.44 0.8611111 
0.46 0.8611111 
0.48 0.7777778 
0.5 0.7777778 
0.54 0.6666667 
0.58 0.6111111 
0.62 0.5833333 
0.66 0.5555556 
0.7 0.5 
0.74 0.5 
0.78 0.5 
------------- glassosf -------------
0.01 0.9451507 
0.02 0.962806 
0.03 0.9693974 
0.04 0.9724576 
0.05 0.9750471 
0.06 0.9785782 
0.07 0.9797552 
0.08 0.9835217 
0.09 0.9856403 
0.1 0.9863465 
0.12 0.9870527 
0.14 0.9884652 
0.16 0.9905838 
0.18 0.9397363 
0.2 0.9392655 
0.22 0.9140772 
0.24 0.8055556 
0.26 0.8055556 
0.28 0.7222222 
0.3 0.6111111 
0.32 0.5555556 
0.34 0.5277778 
0.36 0.5 
0.38 0.5 
0.4 0.5 
0.42 0.5 
0.44 0.5 
0.46 0.5 
0.48 0.5 
0.5 0.5 
0.54 0.5 
0.58 0.5 
0.62 0.5 
0.66 0.5 
0.7 0.5 
0.74 0.5 
0.78 0.5 
------------- pcacmi -------------
------------- space -------------
0.01 0.8879473 
0.02 0.9088983 
0.03 0.9199623 
0.04 0.9357345 
0.05 0.9427966 
0.06 0.9515066 
0.07 0.9557439 
0.08 0.9606874 
0.09 0.9620998 
0.1 0.9642185 
0.12 0.9665725 
0.14 0.971516 
0.16 0.9731638 
0.18 0.9743409 
0.2 0.9755179 
0.22 0.9783427 
0.24 0.9806968 
0.26 0.98258 
0.28 0.960452 
0.3 0.9613936 
0.32 0.9623352 
0.34 0.9630414 
0.36 0.9390301 
0.38 0.9397363 
0.4 0.9131356 
0.42 0.9131356 
0.44 0.9131356 
0.46 0.9138418 
0.48 0.9138418 
0.5 0.9159605 
0.54 0.9159605 
0.58 0.9166667 
0.62 0.9166667 
0.66 0.8888889 
0.7 0.8888889 
0.74 0.8888889 
0.78 0.8888889 
0.82 0.8888889 
0.86 0.8611111 
0.9 0.8611111 
0.94 0.8333333 
0.98 0.8055556 
------------- BayesianGLasso -------------
------------- ena -------------
Constructing using GeneNet ... OK
Constructing using neighborhood selection ... OK
Constructing using GLASSO ... OK
Constructing using GLASSO-SF ... OK
Constructing using PCACMI ... OK
Constructing using SPACE ... OK
Constructing using BayesianGLasso ... OK
Ensembling network using ENA ... OK
Permutating ... OK
Calculating confidence ... OK
       GeneNet             NS         GLasso      GLasso-sf         PCACMI 
       0.87382        0.97211        0.91524        0.91941        0.96492 
         SPACE BayesianGLasso            ENA 
       0.94368        0.95951        0.97740 

i: 2; seed: 0
Working with data/temp/tiny.nSample100.sigma0.2.csv ...
=================================================

------------- GeneNet -------------
------------- NS -------------
0.01 0.2410107 0.8792373 
0.02 0.4797465 0.8808851 
0.03 0.716347 0.8853578 
0.04 0.9509441 0.8865348 
0.05 1.183663 0.8910075 
0.06 1.414622 0.8952448 
0.07 1.643936 0.8987759 
0.08 1.871711 0.8957156 
0.09 2.098052 0.8985405 
0.1 2.323057 0.9032486 
0.12 2.769436 0.9048964 
0.14 3.211569 0.9105461 
0.16 3.650128 0.9129002 
0.18 4.085745 0.9159605 
0.2 4.519023 0.9180791 
0.22 4.950538 0.9359699 
0.24 5.380847 0.9463277 
0.26 5.810495 0.9493879 
0.28 6.240014 0.954096 
0.3 6.669937 0.959275 
0.32 7.100794 0.9653955 
0.34 7.533123 0.9684557 
0.36 7.96747 0.969162 
0.38 8.404397 0.971516 
0.4 8.844487 0.9748117 
0.42 9.288348 0.9776365 
0.44 9.73662 0.9778719 
0.46 10.18999 0.9816384 
0.48 10.64917 0.98258 
0.5 11.11496 0.9832863 
0.54 12.06987 0.9839925 
0.58 13.06262 0.9854049 
0.62 14.10302 0.9861111 
0.66 15.20368 0.9879944 
0.7 16.38136 0.9637476 
0.74 17.65935 0.9668079 
0.78 19.07173 0.9679849 
0.82 20.67181 0.9416196 
0.86 22.5509 0.941855 
0.9 24.88831 0.940678 
0.94 28.12911 0.8319209 
0.98 34.20518 0.8055556 
------------- glasso -------------
0.01 0.9227872 
0.02 0.9409134 
0.03 0.9543315 
0.04 0.9668079 
0.05 0.9752825 
0.06 0.9797552 
0.07 0.9842279 
0.08 0.9830508 
0.09 0.9837571 
0.1 0.9842279 
0.12 0.9828154 
0.14 0.9797552 
0.16 0.9564501 
0.18 0.9569209 
0.2 0.9552731 
0.22 0.9284369 
0.24 0.9293785 
0.26 0.9025424 
0.28 0.8780603 
0.3 0.8549906 
0.32 0.827919 
0.34 0.8022599 
0.36 0.8039077 
0.38 0.8039077 
0.4 0.8055556 
0.42 0.8055556 
0.44 0.75 
0.46 0.7222222 
0.48 0.6944444 
0.5 0.6944444 
0.54 0.6111111 
0.58 0.6111111 
0.62 0.5833333 
0.66 0.5 
0.7 0.5 
0.74 0.5 
0.78 0.5 
------------- glassosf -------------
0.01 0.9086629 
0.02 0.9303202 
0.03 0.950565 
0.04 0.9665725 
0.05 0.9792844 
0.06 0.9842279 
0.07 0.9872881 
0.08 0.9879944 
0.09 0.9861111 
0.1 0.9828154 
0.12 0.9543315 
0.14 0.9051318 
0.16 0.8827684 
0.18 0.829096 
0.2 0.8319209 
0.22 0.8055556 
0.24 0.8055556 
0.26 0.6666667 
0.28 0.6111111 
0.3 0.6111111 
0.32 0.5555556 
0.34 0.5 
0.36 0.5 
0.38 0.5 
0.4 0.5 
0.42 0.5 
0.44 0.5 
0.46 0.5 
0.48 0.5 
0.5 0.5 
0.54 0.5 
0.58 0.5 
0.62 0.5 
0.66 0.5 
0.7 0.5 
0.74 0.5 
0.78 0.5 
------------- pcacmi -------------
------------- space -------------
0.01 0.8820621 
0.02 0.8907721 
0.03 0.8978343 
0.04 0.905838 
0.05 0.9119586 
0.06 0.9169021 
0.07 0.9206685 
0.08 0.9253766 
0.09 0.9310264 
0.1 0.9512712 
0.12 0.9588041 
0.14 0.9677495 
0.16 0.9759887 
0.18 0.9806968 
0.2 0.9844633 
0.22 0.961629 
0.24 0.9618644 
0.26 0.962806 
0.28 0.9642185 
0.3 0.9646893 
0.32 0.9392655 
0.34 0.9409134 
0.36 0.9411488 
0.38 0.940678 
0.4 0.9413842 
0.42 0.9413842 
0.44 0.9420904 
0.46 0.9423258 
0.48 0.9435028 
0.5 0.8888889 
0.54 0.8333333 
0.58 0.8333333 
0.62 0.8055556 
0.66 0.8055556 
0.7 0.8055556 
0.74 0.8055556 
0.78 0.7777778 
0.82 0.7777778 
0.86 0.75 
0.9 0.7222222 
0.94 0.6944444 
0.98 0.6944444 
------------- BayesianGLasso -------------
------------- ena -------------
Constructing using GeneNet ... OK
Constructing using neighborhood selection ... OK
Constructing using GLASSO ... OK
Constructing using GLASSO-SF ... OK
Constructing using PCACMI ... OK
Constructing using SPACE ... OK
Constructing using BayesianGLasso ... OK
Ensembling network using ENA ... OK
Permutating ... OK
Calculating confidence ... OK
       GeneNet             NS         GLasso      GLasso-sf         PCACMI 
       0.82721        0.97760        0.89921        0.89482        0.96234 
         SPACE BayesianGLasso            ENA 
       0.92655        0.94939        0.98117 

i: 3; seed: 0
Working with data/temp/tiny.nSample100.sigma0.2.csv ...
=================================================

------------- GeneNet -------------
------------- NS -------------
0.01 0.2414696 0.9919962 
0.02 0.4806599 0.9929379 
0.03 0.7177108 0.9945857 
0.04 0.9527545 0.9959981 
0.05 1.185916 0.9959981 
0.06 1.417316 0.9964689 
0.07 1.647066 0.9962335 
0.08 1.875275 0.9964689 
0.09 2.102046 0.9967043 
0.1 2.327479 0.9971751 
0.12 2.774709 0.9978814 
0.14 3.217683 0.998823 
0.16 3.657077 0.998823 
0.18 4.093524 0.998823 
0.2 4.527627 0.9990584 
0.22 4.959963 0.998823 
0.24 5.391092 0.9992938 
0.26 5.821557 0.9990584 
0.28 6.251894 0.9995292 
0.3 6.682636 0.9997646 
0.32 7.114314 0.9995292 
0.34 7.547465 1 
0.36 7.982639 0.9997646 
0.38 8.420398 1 
0.4 8.861326 1 
0.42 9.306032 1 
0.44 9.755158 1 
0.46 10.20939 1 
0.48 10.66945 0.9997646 
0.5 11.13613 1 
0.54 12.09285 1 
0.58 13.08749 1 
0.62 14.12987 1 
0.66 15.23263 0.9995292 
0.7 16.41255 0.9995292 
0.74 17.69297 0.9995292 
0.78 19.10804 0.9990584 
0.82 20.71117 0.998823 
0.86 22.59384 0.9990584 
0.9 24.93569 0.9717514 
0.94 28.18266 0.9166667 
0.98 34.2703 0.8055556 
------------- glasso -------------
0.01 0.9943503 
0.02 0.9971751 
0.03 0.997646 
0.04 0.997646 
0.05 0.9981168 
0.06 0.9974105 
0.07 0.9974105 
0.08 0.9974105 
0.09 0.9967043 
0.1 0.9964689 
0.12 0.9957627 
0.14 0.9952919 
0.16 0.9922316 
0.18 0.9910546 
0.2 0.9877589 
0.22 0.9837571 
0.24 0.9821092 
0.26 0.9531544 
0.28 0.8990113 
0.3 0.8717043 
0.32 0.8203861 
0.34 0.8187382 
0.36 0.7935499 
0.38 0.769774 
0.4 0.7438795 
0.42 0.6890301 
0.44 0.6890301 
0.46 0.6916196 
0.48 0.6666667 
0.5 0.6388889 
0.54 0.6111111 
0.58 0.5833333 
0.62 0.5555556 
0.66 0.5277778 
0.7 0.5 
0.74 0.5 
0.78 0.5 
------------- glassosf -------------
0.01 0.9931733 
0.02 0.9959981 
0.03 0.9974105 
0.04 0.9978814 
0.05 0.9983522 
0.06 0.9981168 
0.07 0.9974105 
0.08 0.9969397 
0.09 0.9969397 
0.1 0.9952919 
0.12 0.9898776 
0.14 0.9588041 
0.16 0.8771186 
0.18 0.8514595 
0.2 0.8222693 
0.22 0.7168079 
0.24 0.6890301 
0.26 0.6666667 
0.28 0.6111111 
0.3 0.5833333 
0.32 0.5277778 
0.34 0.5 
0.36 0.5 
0.38 0.5 
0.4 0.5 
0.42 0.5 
0.44 0.5 
0.46 0.5 
0.48 0.5 
0.5 0.5 
0.54 0.5 
0.58 0.5 
0.62 0.5 
0.66 0.5 
0.7 0.5 
0.74 0.5 
0.78 0.5 
------------- pcacmi -------------
------------- space -------------
0.01 0.992467 
0.02 0.9950565 
0.03 0.9964689 
0.04 0.9974105 
0.05 0.9974105 
0.06 0.9983522 
0.07 0.9990584 
0.08 0.9990584 
0.09 0.9992938 
0.1 0.9995292 
0.12 0.9997646 
0.14 0.9997646 
0.16 1 
0.18 1 
0.2 1 
0.22 1 
0.24 1 
0.26 1 
0.28 1 
0.3 1 
0.32 0.9997646 
0.34 0.9997646 
0.36 0.9995292 
0.38 0.9995292 
0.4 0.9990584 
0.42 0.9985876 
0.44 0.9990584 
0.46 0.9983522 
0.48 0.9983522 
0.5 0.970339 
0.54 0.915725 
0.58 0.9154896 
0.62 0.8333333 
0.66 0.8055556 
0.7 0.7777778 
0.74 0.7777778 
0.78 0.75 
0.82 0.7222222 
0.86 0.6944444 
0.9 0.6666667 
0.94 0.6666667 
0.98 0.6666667 
------------- BayesianGLasso -------------
------------- ena -------------
Constructing using GeneNet ... OK
Constructing using neighborhood selection ... OK
Constructing using GLASSO ... OK
Constructing using GLASSO-SF ... OK
Constructing using PCACMI ... OK
Constructing using SPACE ... OK
Constructing using BayesianGLasso ... OK
Ensembling network using ENA ... OK
Permutating ... OK
Calculating confidence ... OK
       GeneNet             NS         GLasso      GLasso-sf         PCACMI 
       0.77778        0.99934        0.90228        0.90097        0.98729 
         SPACE BayesianGLasso            ENA 
       0.93983        0.99670        0.99741 

i: 4; seed: 0
Working with data/temp/tiny.nSample100.sigma0.2.csv ...
=================================================

------------- GeneNet -------------
------------- NS -------------
0.01 0.2676013 0.9675141 
0.02 0.5326767 0.9698682 
0.03 0.7953812 0.9719868 
0.04 1.055861 0.9755179 
0.05 1.314256 0.9776365 
0.06 1.570697 0.980226 
0.07 1.82531 0.9821092 
0.08 2.078216 0.9832863 
0.09 2.329529 0.9849341 
0.1 2.579358 0.9877589 
0.12 3.074987 0.9917608 
0.14 3.5659 0.9952919 
0.16 4.052844 0.9959981 
0.18 4.536523 0.9964689 
0.2 5.017605 0.9967043 
0.22 5.496729 0.9969397 
0.24 5.974514 0.9978814 
0.26 6.451564 0.9981168 
0.28 6.928472 0.9983522 
0.3 7.405828 0.9983522 
0.32 7.884222 0.9985876 
0.34 8.364249 0.9985876 
0.36 8.846518 0.9985876 
0.38 9.331651 0.9990584 
0.4 9.820295 0.998823 
0.42 10.31313 0.998823 
0.44 10.81086 0.998823 
0.46 11.31424 0.9990584 
0.48 11.82409 0.998823 
0.5 12.34127 0.9985876 
0.54 13.40153 0.998823 
0.58 14.50381 0.9983522 
0.62 15.659 0.9983522 
0.66 16.8811 0.9985876 
0.7 18.18871 0.9983522 
0.74 19.6077 0.9983522 
0.78 21.17591 0.9983522 
0.82 22.95252 0.9983522 
0.86 25.03893 0.9983522 
0.9 27.63422 0.9981168 
0.94 31.23258 0.9701036 
0.98 37.97902 0.8316855 
------------- glasso -------------
0.01 0.9863465 
0.02 0.9962335 
0.03 0.997646 
0.04 0.9985876 
0.05 0.9990584 
0.06 0.998823 
0.07 0.998823 
0.08 0.9983522 
0.09 0.9978814 
0.1 0.997646 
0.12 0.9974105 
0.14 0.9969397 
0.16 0.9967043 
0.18 0.9967043 
0.2 0.9967043 
0.22 0.9969397 
0.24 0.9969397 
0.26 0.9959981 
0.28 0.9945857 
0.3 0.9670433 
0.32 0.9387947 
0.34 0.8298023 
0.36 0.7747175 
0.38 0.7747175 
0.4 0.7742467 
0.42 0.719162 
0.44 0.7196328 
0.46 0.6944444 
0.48 0.6111111 
0.5 0.6111111 
0.54 0.6111111 
0.58 0.5833333 
0.62 0.5555556 
0.66 0.5277778 
0.7 0.5277778 
0.74 0.5 
0.78 0.5 
------------- glassosf -------------
0.01 0.9818738 
0.02 0.9922316 
0.03 0.9978814 
0.04 0.9990584 
0.05 0.9990584 
0.06 0.9990584 
0.07 0.9992938 
0.08 0.9992938 
0.09 0.998823 
0.1 0.9985876 
0.12 0.997646 
0.14 0.9967043 
0.16 0.9962335 
0.18 0.8844162 
0.2 0.7754237 
0.22 0.747646 
0.24 0.6916196 
0.26 0.6388889 
0.28 0.6111111 
0.3 0.5833333 
0.32 0.5555556 
0.34 0.5277778 
0.36 0.5 
0.38 0.5 
0.4 0.5 
0.42 0.5 
0.44 0.5 
0.46 0.5 
0.48 0.5 
0.5 0.5 
0.54 0.5 
0.58 0.5 
0.62 0.5 
0.66 0.5 
0.7 0.5 
0.74 0.5 
0.78 0.5 
------------- pcacmi -------------
------------- space -------------
0.01 0.9649247 
0.02 0.9705744 
0.03 0.9766949 
0.04 0.9828154 
0.05 0.9879944 
0.06 0.9898776 
0.07 0.992467 
0.08 0.9962335 
0.09 0.9967043 
0.1 0.9971751 
0.12 0.9985876 
0.14 0.998823 
0.16 0.9995292 
0.18 0.9992938 
0.2 0.9992938 
0.22 0.998823 
0.24 0.9992938 
0.26 0.998823 
0.28 0.998823 
0.3 0.998823 
0.32 0.998823 
0.34 0.9985876 
0.36 0.9985876 
0.38 0.9985876 
0.4 0.9985876 
0.42 0.9985876 
0.44 0.9985876 
0.46 0.9985876 
0.48 0.9985876 
0.5 0.9985876 
0.54 0.9978814 
0.58 0.9425612 
0.62 0.9150188 
0.66 0.8594633 
0.7 0.8036723 
0.74 0.7777778 
0.78 0.75 
0.82 0.7222222 
0.86 0.7222222 
0.9 0.6666667 
0.94 0.6666667 
0.98 0.6388889 
------------- BayesianGLasso -------------
------------- ena -------------
Constructing using GeneNet ... OK
Constructing using neighborhood selection ... OK
Constructing using GLASSO ... OK
Constructing using GLASSO-SF ... OK
Constructing using PCACMI ... OK
Constructing using SPACE ... OK
Constructing using BayesianGLasso ... OK
Ensembling network using ENA ... OK
Permutating ... OK
Calculating confidence ... OK
       GeneNet             NS         GLasso      GLasso-sf         PCACMI 
       0.80367        0.99539        0.92249        0.92271        0.99976 
         SPACE BayesianGLasso            ENA 
       0.94049        0.98988        0.99788 

i: 5; seed: 0
Working with data/temp/tiny.nSample100.sigma0.2.csv ...
=================================================

------------- GeneNet -------------
------------- NS -------------
0.01 0.2337698 0.85758 
0.02 0.465333 0.8585217 
0.03 0.6948251 0.8618173 
0.04 0.9223739 0.8646422 
0.05 1.148101 0.8669962 
0.06 1.372122 0.8705273 
0.07 1.594545 0.8771186 
0.08 1.815478 0.8792373 
0.09 2.035018 0.8841808 
0.1 2.253263 0.8862994 
0.12 2.686231 0.8954802 
0.14 3.115081 0.9011299 
0.16 3.540463 0.9056026 
0.18 3.962993 0.9129002 
0.2 4.383254 0.9159605 
0.22 4.801804 0.9230226 
0.24 5.219185 0.924435 
0.26 5.635924 0.9289077 
0.28 6.052539 0.9314972 
0.3 6.469546 0.9340866 
0.32 6.887458 0.9397363 
0.34 7.306798 0.9416196 
0.36 7.728096 0.9460923 
0.38 8.151896 0.9472693 
0.4 8.578764 0.9493879 
0.42 9.009289 0.9522128 
0.44 9.444093 0.9531544 
0.46 9.883837 0.9538606 
0.48 10.32923 0.9548023 
0.5 10.78103 0.9552731 
0.54 11.70724 0.9590395 
0.58 12.67016 0.9625706 
0.62 13.67931 0.9639831 
0.66 14.7469 0.9642185 
0.7 15.8892 0.9642185 
0.74 17.12879 0.9661017 
0.78 18.49874 0.9119586 
0.82 20.05075 0.8839454 
0.86 21.87339 0.8841808 
0.9 24.14057 0.8293315 
0.94 27.284 0.8029661 
0.98 33.17752 0.75 
------------- glasso -------------
0.01 0.9016008 
0.02 0.9223164 
0.03 0.9347928 
0.04 0.9425612 
0.05 0.9477401 
0.06 0.9496234 
0.07 0.9503296 
0.08 0.9510358 
0.09 0.9522128 
0.1 0.9533898 
0.12 0.9545669 
0.14 0.9538606 
0.16 0.954096 
0.18 0.9531544 
0.2 0.9484463 
0.22 0.8719397 
0.24 0.8731168 
0.26 0.8213277 
0.28 0.8206215 
0.3 0.7933145 
0.32 0.7655367 
0.34 0.7671846 
0.36 0.7419962 
0.38 0.7149247 
0.4 0.7151601 
0.42 0.719162 
0.44 0.719162 
0.46 0.7186911 
0.48 0.6636064 
0.5 0.6358286 
0.54 0.6388889 
0.58 0.6388889 
0.62 0.5833333 
0.66 0.5555556 
0.7 0.5555556 
0.74 0.5277778 
0.78 0.5277778 
------------- glassosf -------------
0.01 0.8961864 
0.02 0.9166667 
0.03 0.9317326 
0.04 0.9409134 
0.05 0.9489171 
0.06 0.9524482 
0.07 0.9533898 
0.08 0.9543315 
0.09 0.9555085 
0.1 0.9552731 
0.12 0.8966573 
0.14 0.8201507 
0.16 0.7956685 
0.18 0.7968456 
0.2 0.7704802 
0.22 0.7471751 
0.24 0.7193974 
0.26 0.691855 
0.28 0.6388889 
0.3 0.6111111 
0.32 0.5833333 
0.34 0.5833333 
0.36 0.5555556 
0.38 0.5277778 
0.4 0.5277778 
0.42 0.5 
0.44 0.5 
0.46 0.5 
0.48 0.5 
0.5 0.5 
0.54 0.5 
0.58 0.5 
0.62 0.5 
0.66 0.5 
0.7 0.5 
0.74 0.5 
0.78 0.5 
------------- pcacmi -------------
------------- space -------------
0.01 0.8637006 
0.02 0.8637006 
0.03 0.8757062 
0.04 0.8830038 
0.05 0.8907721 
0.06 0.9020716 
0.07 0.9096045 
0.08 0.9171375 
0.09 0.9241996 
0.1 0.9305556 
0.12 0.940678 
0.14 0.9456215 
0.16 0.9491525 
0.18 0.9531544 
0.2 0.9555085 
0.22 0.9585687 
0.24 0.9602166 
0.26 0.962806 
0.28 0.9642185 
0.3 0.9651601 
0.32 0.9646893 
0.34 0.9644539 
0.36 0.9383239 
0.38 0.912194 
0.4 0.9138418 
0.42 0.886064 
0.44 0.8585217 
0.46 0.8309793 
0.48 0.8309793 
0.5 0.8309793 
0.54 0.8034369 
0.58 0.7756591 
0.62 0.75 
0.66 0.75 
0.7 0.75 
0.74 0.75 
0.78 0.7222222 
0.82 0.7222222 
0.86 0.6944444 
0.9 0.6944444 
0.94 0.6666667 
0.98 0.6388889 
------------- BayesianGLasso -------------
------------- ena -------------
Constructing using GeneNet ... OK
Constructing using neighborhood selection ... OK
Constructing using GLASSO ... OK
Constructing using GLASSO-SF ... OK
Constructing using PCACMI ... OK
Constructing using SPACE ... OK
Constructing using BayesianGLasso ... OK
Ensembling network using ENA ... OK
Permutating ... OK
Calculating confidence ... OK
       GeneNet             NS         GLasso      GLasso-sf         PCACMI 
       0.76883        0.94005        0.84947        0.84102        0.94868 
         SPACE BayesianGLasso            ENA 
       0.88801        0.91902        0.93691 

i: 6; seed: 0
Working with data/temp/tiny.nSample100.sigma0.2.csv ...
=================================================

------------- GeneNet -------------
------------- NS -------------
0.01 0.2618466 0.9166667 
0.02 0.5212216 0.9180791 
0.03 0.7782767 0.9185499 
0.04 1.033155 0.9225518 
0.05 1.285993 0.9246704 
0.06 1.536919 0.9258475 
0.07 1.786058 0.9267891 
0.08 2.033525 0.9284369 
0.09 2.279433 0.9324388 
0.1 2.52389 0.9347928 
0.12 3.00886 0.9378531 
0.14 3.489216 0.9359699 
0.16 3.965689 0.9413842 
0.18 4.438966 0.9453861 
0.2 4.909702 0.9479755 
0.22 5.378523 0.9533898 
0.24 5.846033 0.9552731 
0.26 6.312824 0.9585687 
0.28 6.779477 0.9620998 
0.3 7.246567 0.9668079 
0.32 7.714673 0.9646893 
0.34 8.184378 0.9663371 
0.36 8.656275 0.9684557 
0.38 9.130975 0.970339 
0.4 9.609112 0.9745763 
0.42 10.09134 0.9515066 
0.44 10.57837 0.9536252 
0.46 11.07093 0.9538606 
0.48 11.56981 0.9555085 
0.5 12.07588 0.9326742 
0.54 13.11334 0.9338512 
0.58 14.19191 0.9333804 
0.62 15.32226 0.9352637 
0.66 16.51807 0.9373823 
0.7 17.79756 0.9380885 
0.74 19.18604 0.9402072 
0.78 20.72052 0.9411488 
0.82 22.45893 0.9411488 
0.86 24.50048 0.9413842 
0.9 27.03996 0.9154896 
0.94 30.56093 0.8611111 
0.98 37.16229 0.75 
------------- glasso -------------
0.01 0.9477401 
0.02 0.9564501 
0.03 0.9618644 
0.04 0.9684557 
0.05 0.9712806 
0.06 0.9729284 
0.07 0.9776365 
0.08 0.9774011 
0.09 0.9783427 
0.1 0.9781073 
0.12 0.9562147 
0.14 0.9557439 
0.16 0.9557439 
0.18 0.930791 
0.2 0.9314972 
0.22 0.9324388 
0.24 0.9310264 
0.26 0.8757062 
0.28 0.8491055 
0.3 0.797081 
0.32 0.7702448 
0.34 0.7718927 
0.36 0.7756591 
0.38 0.75 
0.4 0.7222222 
0.42 0.7222222 
0.44 0.6944444 
0.46 0.6666667 
0.48 0.6111111 
0.5 0.5833333 
0.54 0.5555556 
0.58 0.5277778 
0.62 0.5 
0.66 0.5 
0.7 0.5 
0.74 0.5 
0.78 0.5 
------------- glassosf -------------
0.01 0.941855 
0.02 0.9512712 
0.03 0.9606874 
0.04 0.9693974 
0.05 0.9766949 
0.06 0.9804614 
0.07 0.9806968 
0.08 0.9816384 
0.09 0.9585687 
0.1 0.9597458 
0.12 0.9559793 
0.14 0.9027778 
0.16 0.8258004 
0.18 0.797081 
0.2 0.75 
0.22 0.7222222 
0.24 0.6666667 
0.26 0.5555556 
0.28 0.5555556 
0.3 0.5 
0.32 0.5 
0.34 0.5 
0.36 0.5 
0.38 0.5 
0.4 0.5 
0.42 0.5 
0.44 0.5 
0.46 0.5 
0.48 0.5 
0.5 0.5 
0.54 0.5 
0.58 0.5 
0.62 0.5 
0.66 0.5 
0.7 0.5 
0.74 0.5 
0.78 0.5 
------------- pcacmi -------------
------------- space -------------
0.01 0.9159605 
0.02 0.9246704 
0.03 0.9249058 
0.04 0.9298493 
0.05 0.9347928 
0.06 0.9427966 
0.07 0.9465631 
0.08 0.9460923 
0.09 0.9522128 
0.1 0.9533898 
0.12 0.9606874 
0.14 0.9658663 
0.16 0.9719868 
0.18 0.9522128 
0.2 0.9322034 
0.22 0.9333804 
0.24 0.9333804 
0.26 0.9366761 
0.28 0.9362053 
0.3 0.9366761 
0.32 0.9373823 
0.34 0.9385593 
0.36 0.9392655 
0.38 0.9385593 
0.4 0.9117232 
0.42 0.9105461 
0.44 0.9105461 
0.46 0.9100753 
0.48 0.9091337 
0.5 0.855226 
0.54 0.8022599 
0.58 0.7758945 
0.62 0.7777778 
0.66 0.75 
0.7 0.75 
0.74 0.7222222 
0.78 0.7222222 
0.82 0.7222222 
0.86 0.6944444 
0.9 0.6944444 
0.94 0.6666667 
0.98 0.6111111 
------------- BayesianGLasso -------------
------------- ena -------------
Constructing using GeneNet ... OK
Constructing using neighborhood selection ... OK
Constructing using GLASSO ... OK
Constructing using GLASSO-SF ... OK
Constructing using PCACMI ... OK
Constructing using SPACE ... OK
Constructing using BayesianGLasso ... OK
Ensembling network using ENA ... OK
Permutating ... OK
Calculating confidence ... OK
       GeneNet             NS         GLasso      GLasso-sf         PCACMI 
       0.91596        0.97826        0.89592        0.89416        0.94750 
         SPACE BayesianGLasso            ENA 
       0.91249        0.95410        0.97340 

i: 7; seed: 0
Working with data/temp/tiny.nSample100.sigma0.2.csv ...
=================================================

------------- GeneNet -------------
------------- NS -------------
0.01 0.2244084 0.8822976 
0.02 0.4466987 0.8865348 
0.03 0.6670006 0.8884181 
0.04 0.8854372 0.8921846 
0.05 1.102125 0.8952448 
0.06 1.317175 0.8992467 
0.07 1.530692 0.8999529 
0.08 1.742776 0.9048964 
0.09 1.953525 0.9067797 
0.1 2.16303 0.9112524 
0.12 2.57866 0.9129002 
0.14 2.990336 0.9293785 
0.16 3.398685 0.9326742 
0.18 3.804294 0.9364407 
0.2 4.207725 0.9423258 
0.22 4.609515 0.9463277 
0.24 5.010182 0.9512712 
0.26 5.410232 0.9566855 
0.28 5.810164 0.959275 
0.3 6.210471 0.9635122 
0.32 6.611649 0.9611582 
0.34 7.014196 0.9632768 
0.36 7.418622 0.9646893 
0.38 7.825451 0.9658663 
0.4 8.235225 0.9670433 
0.42 8.64851 0.9689266 
0.44 9.065902 0.9705744 
0.46 9.488037 0.9712806 
0.48 9.915592 0.9729284 
0.5 10.3493 0.9741055 
0.54 11.23842 0.950565 
0.58 12.16279 0.9272599 
0.62 13.13152 0.9282015 
0.66 14.15636 0.9298493 
0.7 15.25291 0.904661 
0.74 16.44286 0.8808851 
0.78 17.75796 0.882533 
0.82 19.24781 0.88371 
0.86 20.99746 0.8851224 
0.9 23.17385 0.8851224 
0.94 26.19141 0.886064 
0.98 31.84892 0.8611111 
------------- glasso -------------
0.01 0.9199623 
0.02 0.9479755 
0.03 0.9585687 
0.04 0.9644539 
0.05 0.9661017 
0.06 0.9665725 
0.07 0.9677495 
0.08 0.9689266 
0.09 0.9672787 
0.1 0.9665725 
0.12 0.9661017 
0.14 0.9439736 
0.16 0.9194915 
0.18 0.8966573 
0.2 0.8733522 
0.22 0.8728814 
0.24 0.8747646 
0.26 0.8757062 
0.28 0.8745292 
0.3 0.875 
0.32 0.8491055 
0.34 0.8474576 
0.36 0.8225047 
0.38 0.7987288 
0.4 0.7457627 
0.42 0.75 
0.44 0.75 
0.46 0.7222222 
0.48 0.7222222 
0.5 0.7222222 
0.54 0.6388889 
0.58 0.6111111 
0.62 0.6111111 
0.66 0.5 
0.7 0.5 
0.74 0.5 
0.78 0.5 
------------- glassosf -------------
0.01 0.9030132 
0.02 0.9383239 
0.03 0.9515066 
0.04 0.960452 
0.05 0.9618644 
0.06 0.9651601 
0.07 0.9651601 
0.08 0.9642185 
0.09 0.9609228 
0.1 0.8938324 
0.12 0.8964218 
0.14 0.8742938 
0.16 0.8757062 
0.18 0.8495763 
0.2 0.8262712 
0.22 0.75 
0.24 0.75 
0.26 0.75 
0.28 0.7222222 
0.3 0.6111111 
0.32 0.6111111 
0.34 0.5 
0.36 0.5 
0.38 0.5 
0.4 0.5 
0.42 0.5 
0.44 0.5 
0.46 0.5 
0.48 0.5 
0.5 0.5 
0.54 0.5 
0.58 0.5 
0.62 0.5 
0.66 0.5 
0.7 0.5 
0.74 0.5 
0.78 0.5 
------------- pcacmi -------------
------------- space -------------
0.01 0.8832392 
0.02 0.8980697 
0.03 0.9074859 
0.04 0.9190207 
0.05 0.9284369 
0.06 0.9369115 
0.07 0.940678 
0.08 0.9519774 
0.09 0.9566855 
0.1 0.9602166 
0.12 0.9644539 
0.14 0.9656309 
0.16 0.9684557 
0.18 0.9710452 
0.2 0.9710452 
0.22 0.9486817 
0.24 0.9498588 
0.26 0.9267891 
0.28 0.9267891 
0.3 0.9265537 
0.32 0.9020716 
0.34 0.8801789 
0.36 0.8806497 
0.38 0.88371 
0.4 0.8846516 
0.42 0.884887 
0.44 0.8851224 
0.46 0.8846516 
0.48 0.884887 
0.5 0.884887 
0.54 0.8865348 
0.58 0.8865348 
0.62 0.8874765 
0.66 0.8599341 
0.7 0.8611111 
0.74 0.8055556 
0.78 0.75 
0.82 0.75 
0.86 0.7222222 
0.9 0.6944444 
0.94 0.6944444 
0.98 0.6388889 
------------- BayesianGLasso -------------
------------- ena -------------
Constructing using GeneNet ... OK
Constructing using neighborhood selection ... OK
Constructing using GLASSO ... OK
Constructing using GLASSO-SF ... OK
Constructing using PCACMI ... OK
Constructing using SPACE ... OK
Constructing using BayesianGLasso ... OK
Ensembling network using ENA ... OK
Permutating ... OK
Calculating confidence ... OK
       GeneNet             NS         GLasso      GLasso-sf         PCACMI 
       0.72222        0.97299        0.89328        0.88779        0.95198 
         SPACE BayesianGLasso            ENA 
       0.92040        0.96069        0.96940 

i: 8; seed: 0
Working with data/temp/tiny.nSample100.sigma0.2.csv ...
=================================================

------------- GeneNet -------------
------------- NS -------------
0.01 0.3007494 0.9166667 
0.02 0.5986601 0.9199623 
0.03 0.8939061 0.9211394 
0.04 1.186652 0.9230226 
0.05 1.477054 0.9251412 
0.06 1.765261 0.9277307 
0.07 2.051414 0.9282015 
0.08 2.335647 0.9293785 
0.09 2.61809 0.9322034 
0.1 2.898867 0.9324388 
0.12 3.455889 0.9364407 
0.14 4.007612 0.9369115 
0.16 4.554875 0.9413842 
0.18 5.098468 0.9456215 
0.2 5.639142 0.9496234 
0.22 6.177615 0.9508004 
0.24 6.714584 0.9531544 
0.26 7.250727 0.9550377 
0.28 7.78671 0.9576271 
0.3 8.323197 0.960452 
0.32 8.86085 0.959275 
0.34 9.400339 0.962806 
0.36 9.942347 0.9613936 
0.38 10.48757 0.9642185 
0.4 11.03675 0.9675141 
0.42 11.59063 0.9677495 
0.44 12.15001 0.969162 
0.46 12.71575 0.9484463 
0.48 13.28875 0.9486817 
0.5 13.87 0.951742 
0.54 15.0616 0.9526836 
0.58 16.30041 0.9305556 
0.62 17.5987 0.9305556 
0.66 18.97218 0.933145 
0.7 20.44176 0.933145 
0.74 22.03652 0.9324388 
0.78 23.79899 0.9333804 
0.82 25.79568 0.934322 
0.86 28.14054 0.934322 
0.9 31.05731 0.9340866 
0.94 35.1014 0.9074859 
0.98 42.68353 0.8305085 
------------- glasso -------------
0.01 0.9333804 
0.02 0.9383239 
0.03 0.9453861 
0.04 0.9526836 
0.05 0.9543315 
0.06 0.9580979 
0.07 0.9609228 
0.08 0.961629 
0.09 0.9618644 
0.1 0.9609228 
0.12 0.9580979 
0.14 0.9395009 
0.16 0.9359699 
0.18 0.9359699 
0.2 0.9366761 
0.22 0.9376177 
0.24 0.9126648 
0.26 0.912194 
0.28 0.8881827 
0.3 0.8903013 
0.32 0.8655838 
0.34 0.865113 
0.36 0.8420433 
0.38 0.8439266 
0.4 0.8436911 
0.42 0.7911959 
0.44 0.7921375 
0.46 0.7954331 
0.48 0.7688324 
0.5 0.7718927 
0.54 0.6916196 
0.58 0.6666667 
0.62 0.6388889 
0.66 0.5555556 
0.7 0.5555556 
0.74 0.5 
0.78 0.5 
------------- glassosf -------------
0.01 0.9322034 
0.02 0.9350282 
0.03 0.9437382 
0.04 0.9510358 
0.05 0.9548023 
0.06 0.9625706 
0.07 0.9668079 
0.08 0.9663371 
0.09 0.9646893 
0.1 0.9613936 
0.12 0.9413842 
0.14 0.9399718 
0.16 0.9136064 
0.18 0.8893597 
0.2 0.8411017 
0.22 0.7904896 
0.24 0.7961394 
0.26 0.7700094 
0.28 0.7459981 
0.3 0.6911488 
0.32 0.6388889 
0.34 0.5555556 
0.36 0.5277778 
0.38 0.5 
0.4 0.5 
0.42 0.5 
0.44 0.5 
0.46 0.5 
0.48 0.5 
0.5 0.5 
0.54 0.5 
0.58 0.5 
0.62 0.5 
0.66 0.5 
0.7 0.5 
0.74 0.5 
0.78 0.5 
------------- pcacmi -------------
------------- space -------------
0.01 0.9086629 
0.02 0.9178437 
0.03 0.922081 
0.04 0.9289077 
0.05 0.9329096 
0.06 0.9338512 
0.07 0.9387947 
0.08 0.941855 
0.09 0.9493879 
0.1 0.9489171 
0.12 0.9555085 
0.14 0.9597458 
0.16 0.9658663 
0.18 0.9684557 
0.2 0.9724576 
0.22 0.9510358 
0.24 0.9538606 
0.26 0.9548023 
0.28 0.9550377 
0.3 0.9557439 
0.32 0.9552731 
0.34 0.9557439 
0.36 0.9562147 
0.38 0.9317326 
0.4 0.9326742 
0.42 0.9333804 
0.44 0.933145 
0.46 0.9326742 
0.48 0.9324388 
0.5 0.9322034 
0.54 0.9065443 
0.58 0.9053672 
0.62 0.8787665 
0.66 0.8806497 
0.7 0.8841808 
0.74 0.8305085 
0.78 0.8024953 
0.82 0.7749529 
0.86 0.7749529 
0.9 0.7749529 
0.94 0.7474105 
0.98 0.7471751 
------------- BayesianGLasso -------------
------------- ena -------------
Constructing using GeneNet ... OK
Constructing using neighborhood selection ... OK
Constructing using GLASSO ... OK
Constructing using GLASSO-SF ... OK
Constructing using PCACMI ... OK
Constructing using SPACE ... OK
Constructing using BayesianGLasso ... OK
Ensembling network using ENA ... OK
Permutating ... OK
Calculating confidence ... OK
       GeneNet             NS         GLasso      GLasso-sf         PCACMI 
       0.78413        0.96113        0.87923        0.87813        0.88936 
         SPACE BayesianGLasso            ENA 
       0.92040        0.94397        0.96116 

i: 9; seed: 0
Working with data/temp/tiny.nSample100.sigma0.2.csv ...
=================================================

------------- GeneNet -------------
------------- NS -------------
0.01 0.2392134 0.951742 
0.02 0.4761689 0.9536252 
0.03 0.7110049 0.9566855 
0.04 0.9438525 0.9590395 
0.05 1.174836 0.9618644 
0.06 1.404073 0.9606874 
0.07 1.631676 0.961629 
0.08 1.857753 0.9668079 
0.09 2.082406 0.9653955 
0.1 2.305733 0.9656309 
0.12 2.748783 0.970339 
0.14 3.187619 0.9722222 
0.16 3.622907 0.9731638 
0.18 4.055276 0.9733992 
0.2 4.485323 0.9733992 
0.22 4.91362 0.9743409 
0.24 5.340721 0.9741055 
0.26 5.767164 0.9738701 
0.28 6.19348 0.9748117 
0.3 6.620197 0.9757533 
0.32 7.047841 0.9743409 
0.34 7.476946 0.9750471 
0.36 7.908054 0.9743409 
0.38 8.341723 0.972693 
0.4 8.77853 0.9733992 
0.42 9.219081 0.9738701 
0.44 9.664011 0.9729284 
0.46 10.11399 0.9733992 
0.48 10.56976 0.9736347 
0.5 11.03208 0.971516 
0.54 11.97986 0.9482109 
0.58 12.9652 0.923258 
0.62 13.99785 0.9241996 
0.66 15.0903 0.9006591 
0.7 16.2592 0.902307 
0.74 17.52766 0.9032486 
0.78 18.92951 0.8780603 
0.82 20.51765 0.8787665 
0.86 22.38273 0.8806497 
0.9 24.70271 0.8535782 
0.94 27.91934 0.8559322 
0.98 33.9501 0.8017891 
------------- glasso -------------
0.01 0.9708098 
0.02 0.979049 
0.03 0.9788136 
0.04 0.9792844 
0.05 0.9799906 
0.06 0.9766949 
0.07 0.9771657 
0.08 0.9717514 
0.09 0.969162 
0.1 0.9686911 
0.12 0.9642185 
0.14 0.9642185 
0.16 0.9159605 
0.18 0.9147834 
0.2 0.8928908 
0.22 0.8677024 
0.24 0.8429849 
0.26 0.8418079 
0.28 0.8436911 
0.3 0.8203861 
0.32 0.8201507 
0.34 0.7966102 
0.36 0.7966102 
0.38 0.798258 
0.4 0.8015537 
0.42 0.8015537 
0.44 0.7464689 
0.46 0.7189266 
0.48 0.7186911 
0.5 0.6911488 
0.54 0.6909134 
0.58 0.6631356 
0.62 0.6111111 
0.66 0.6111111 
0.7 0.5555556 
0.74 0.5277778 
0.78 0.5 
------------- glassosf -------------
0.01 0.9663371 
0.02 0.9752825 
0.03 0.9797552 
0.04 0.9804614 
0.05 0.9795198 
0.06 0.9778719 
0.07 0.9748117 
0.08 0.9722222 
0.09 0.9637476 
0.1 0.9378531 
0.12 0.8881827 
0.14 0.8382768 
0.16 0.8185028 
0.18 0.8225047 
0.2 0.826742 
0.22 0.8295669 
0.24 0.7737759 
0.26 0.7459981 
0.28 0.7184557 
0.3 0.663371 
0.32 0.6388889 
0.34 0.6111111 
0.36 0.5555556 
0.38 0.5277778 
0.4 0.5 
0.42 0.5 
0.44 0.5 
0.46 0.5 
0.48 0.5 
0.5 0.5 
0.54 0.5 
0.58 0.5 
0.62 0.5 
0.66 0.5 
0.7 0.5 
0.74 0.5 
0.78 0.5 
------------- pcacmi -------------
------------- space -------------
0.01 0.9515066 
0.02 0.9555085 
0.03 0.961629 
0.04 0.9661017 
0.05 0.9684557 
0.06 0.9689266 
0.07 0.9689266 
0.08 0.971516 
0.09 0.9719868 
0.1 0.9733992 
0.12 0.9736347 
0.14 0.9736347 
0.16 0.9741055 
0.18 0.9731638 
0.2 0.9731638 
0.22 0.9717514 
0.24 0.9710452 
0.26 0.9225518 
0.28 0.8992467 
0.3 0.8987759 
0.32 0.8997175 
0.34 0.9025424 
0.36 0.9032486 
0.38 0.8780603 
0.4 0.8782957 
0.42 0.8782957 
0.44 0.8794727 
0.46 0.8804143 
0.48 0.8545198 
0.5 0.8545198 
0.54 0.8545198 
0.58 0.8559322 
0.62 0.8295669 
0.66 0.8017891 
0.7 0.8015537 
0.74 0.8015537 
0.78 0.8015537 
0.82 0.7464689 
0.86 0.7189266 
0.9 0.7189266 
0.94 0.6913842 
0.98 0.6913842 
------------- BayesianGLasso -------------
------------- ena -------------
Constructing using GeneNet ... OK
Constructing using neighborhood selection ... OK
Constructing using GLASSO ... OK
Constructing using GLASSO-SF ... OK
Constructing using PCACMI ... OK
Constructing using SPACE ... OK
Constructing using BayesianGLasso ... OK
Ensembling network using ENA ... OK
Permutating ... OK
Calculating confidence ... OK
       GeneNet             NS         GLasso      GLasso-sf         PCACMI 
       0.93762        0.97079        0.88087        0.87418        0.92867 
         SPACE BayesianGLasso            ENA 
       0.91447        0.97034        0.97057 

i: 10; seed: 0
Working with data/temp/tiny.nSample100.sigma0.2.csv ...
=================================================

------------- GeneNet -------------
------------- NS -------------
0.01 0.2926227 0.9056026 
0.02 0.5824833 0.9027778 
0.03 0.8697513 0.9100753 
0.04 1.154587 0.9114878 
0.05 1.437142 0.9138418 
0.06 1.717561 0.9140772 
0.07 1.995981 0.915725 
0.08 2.272534 0.9180791 
0.09 2.547345 0.9192561 
0.1 2.820535 0.9223164 
0.12 3.362505 0.9249058 
0.14 3.89932 0.9291431 
0.16 4.431795 0.9324388 
0.18 4.960699 0.933145 
0.2 5.486763 0.9380885 
0.22 6.010686 0.9395009 
0.24 6.533145 0.9369115 
0.26 7.054801 0.9404426 
0.28 7.576301 0.9413842 
0.3 8.098291 0.9404426 
0.32 8.621416 0.9416196 
0.34 9.146327 0.9404426 
0.36 9.673689 0.9416196 
0.38 10.20418 0.940678 
0.4 10.73852 0.9416196 
0.42 11.27743 0.9425612 
0.44 11.8217 0.9458569 
0.46 12.37215 0.9482109 
0.48 12.92967 0.9496234 
0.5 13.49521 0.9267891 
0.54 14.65461 0.9277307 
0.58 15.85995 0.9291431 
0.62 17.12316 0.9310264 
0.66 18.45952 0.9303202 
0.7 19.88939 0.931968 
0.74 21.44106 0.931968 
0.78 23.15591 0.9336158 
0.82 25.09864 0.9345574 
0.86 27.38014 0.9371469 
0.9 30.21809 0.9376177 
0.94 34.1529 0.9395009 
0.98 41.53015 0.8865348 
------------- glasso -------------
0.01 0.9456215 
0.02 0.9482109 
0.03 0.9484463 
0.04 0.951742 
0.05 0.9557439 
0.06 0.9580979 
0.07 0.9595104 
0.08 0.9609228 
0.09 0.9632768 
0.1 0.9639831 
0.12 0.9463277 
0.14 0.9482109 
0.16 0.9477401 
0.18 0.9512712 
0.2 0.9519774 
0.22 0.9314972 
0.24 0.9322034 
0.26 0.9354991 
0.28 0.9364407 
0.3 0.9364407 
0.32 0.9373823 
0.34 0.9378531 
0.36 0.9364407 
0.38 0.9369115 
0.4 0.9110169 
0.42 0.8832392 
0.44 0.8039077 
0.46 0.8055556 
0.48 0.8055556 
0.5 0.75 
0.54 0.6666667 
0.58 0.6388889 
0.62 0.5833333 
0.66 0.5555556 
0.7 0.5 
0.74 0.5 
0.78 0.5 
------------- glassosf -------------
0.01 0.9435028 
0.02 0.9479755 
0.03 0.9522128 
0.04 0.9580979 
0.05 0.9611582 
0.06 0.9646893 
0.07 0.9653955 
0.08 0.9686911 
0.09 0.9701036 
0.1 0.9757533 
0.12 0.9545669 
0.14 0.9564501 
0.16 0.9364407 
0.18 0.9373823 
0.2 0.9387947 
0.22 0.9105461 
0.24 0.9093691 
0.26 0.75 
0.28 0.6666667 
0.3 0.6388889 
0.32 0.5555556 
0.34 0.5 
0.36 0.5 
0.38 0.5 
0.4 0.5 
0.42 0.5 
0.44 0.5 
0.46 0.5 
0.48 0.5 
0.5 0.5 
0.54 0.5 
0.58 0.5 
0.62 0.5 
0.66 0.5 
0.7 0.5 
0.74 0.5 
0.78 0.5 
------------- pcacmi -------------
------------- space -------------
0.01 0.9070151 
0.02 0.9136064 
0.03 0.9218456 
0.04 0.9154896 
0.05 0.920904 
0.06 0.9213748 
0.07 0.9256121 
0.08 0.931968 
0.09 0.9345574 
0.1 0.9376177 
0.12 0.9404426 
0.14 0.9444444 
0.16 0.9463277 
0.18 0.9470339 
0.2 0.9482109 
0.22 0.9524482 
0.24 0.9538606 
0.26 0.9312618 
0.28 0.9312618 
0.3 0.9326742 
0.32 0.9322034 
0.34 0.933145 
0.36 0.9338512 
0.38 0.9333804 
0.4 0.9350282 
0.42 0.9354991 
0.44 0.9350282 
0.46 0.9359699 
0.48 0.9357345 
0.5 0.9364407 
0.54 0.9366761 
0.58 0.9366761 
0.62 0.9369115 
0.66 0.8832392 
0.7 0.85758 
0.74 0.8611111 
0.78 0.8333333 
0.82 0.8055556 
0.86 0.8055556 
0.9 0.8055556 
0.94 0.8055556 
0.98 0.7777778 
------------- BayesianGLasso -------------
------------- ena -------------
Constructing using GeneNet ... OK
Constructing using neighborhood selection ... OK
Constructing using GLASSO ... OK
Constructing using GLASSO-SF ... OK
Constructing using PCACMI ... OK
Constructing using SPACE ... OK
Constructing using BayesianGLasso ... OK
Ensembling network using ENA ... OK
Permutating ... OK
Calculating confidence ... OK
       GeneNet             NS         GLasso      GLasso-sf         PCACMI 
       0.75000        0.94971        0.90009        0.90624        0.91855 
         SPACE BayesianGLasso            ENA 
       0.91513        0.93927        0.95975 

