WARNING: ignoring environment value of R_HOME
$noise
[1] 1

$plot
[1] TRUE

$rounds
[1] 10

$samp
[1] 200

$seed
[1] 0

$simu
[1] "ggm"

$size
[1] "tiny"

$verbose
[1] TRUE

i: 1; seed: 0
Working with data/temp/tiny.nSample200.sigma1.csv ...
=================================================

------------- GeneNet -------------
------------- NS -------------
0.01 0.4952871 0.8556968 
0.02 0.9858992 0.8601695 
0.03 1.472123 0.865113 
0.04 1.95423 0.8679379 
0.05 2.432477 0.8714689 
0.06 2.907108 0.8653484 
0.07 3.378357 0.8695857 
0.08 3.846445 0.8634652 
0.09 4.311584 0.8686441 
0.1 4.773979 0.8717043 
0.12 5.691307 0.8660546 
0.14 6.599909 0.8719397 
0.16 7.501165 0.8622881 
0.18 8.396377 0.8641714 
0.2 9.286782 0.8681733 
0.22 10.17356 0.8686441 
0.24 11.05787 0.8714689 
0.26 11.94081 0.8695857 
0.28 12.82349 0.8712335 
0.3 13.707 0.8700565 
0.32 14.59243 0.8752354 
0.34 15.48088 0.8797081 
0.36 16.37349 0.8658192 
0.38 17.27139 0.8665254 
0.4 18.17579 0.8705273 
0.42 19.08794 0.8740584 
0.44 20.00916 0.8702919 
0.46 20.94085 0.8705273 
0.48 21.88449 0.8728814 
0.5 22.84172 0.8545198 
0.54 24.80409 0.8571092 
0.58 26.84423 0.8608757 
0.62 28.9823 0.8427495 
0.66 31.2442 0.8498117 
0.7 33.66438 0.8549906 
0.74 36.2907 0.8594633 
0.78 39.19321 0.8634652 
0.82 42.48144 0.8660546 
0.86 46.34305 0.8686441 
0.9 51.14652 0.8472222 
0.94 57.8065 0.8001412 
0.98 70.29307 0.7198682 
------------- glasso -------------
0.01 0.8672316 
0.02 0.8712335 
0.03 0.8717043 
0.04 0.8766478 
0.05 0.8822976 
0.06 0.8851224 
0.07 0.8754708 
0.08 0.8799435 
0.09 0.8804143 
0.1 0.88371 
0.12 0.8439266 
0.14 0.8545198 
0.16 0.856403 
0.18 0.8620527 
0.2 0.863936 
0.22 0.8615819 
0.24 0.8185028 
0.26 0.8229755 
0.28 0.76742 
0.3 0.7405838 
0.32 0.7175141 
0.34 0.7165725 
0.36 0.7193974 
0.38 0.6944444 
0.4 0.6666667 
0.42 0.6666667 
0.44 0.6388889 
0.46 0.6111111 
0.48 0.5833333 
0.5 0.5555556 
0.54 0.5555556 
0.58 0.5277778 
0.62 0.5277778 
0.66 0.5 
0.7 0.5 
0.74 0.5 
0.78 0.5 
------------- glassosf -------------
0.01 0.8702919 
0.02 0.8695857 
0.03 0.8780603 
0.04 0.8872411 
0.05 0.8792373 
0.06 0.8830038 
0.07 0.844162 
0.08 0.8554614 
0.09 0.8599341 
0.1 0.8627589 
0.12 0.8646422 
0.14 0.7930791 
0.16 0.7125706 
0.18 0.7193974 
0.2 0.6666667 
0.22 0.6388889 
0.24 0.5833333 
0.26 0.5555556 
0.28 0.5555556 
0.3 0.5277778 
0.32 0.5277778 
0.34 0.5 
0.36 0.5 
0.38 0.5 
0.4 0.5 
0.42 0.5 
0.44 0.5 
0.46 0.5 
0.48 0.5 
0.5 0.5 
0.54 0.5 
0.58 0.5 
0.62 0.5 
0.66 0.5 
0.7 0.5 
0.74 0.5 
0.78 0.5 
------------- pcacmi -------------
------------- space -------------
0.01 0.8613465 
0.02 0.8681733 
0.03 0.8667608 
0.04 0.865113 
0.05 0.8721751 
0.06 0.8686441 
0.07 0.8742938 
0.08 0.8618173 
0.09 0.86629 
0.1 0.8693503 
0.12 0.8684087 
0.14 0.8702919 
0.16 0.8606403 
0.18 0.8677024 
0.2 0.8712335 
0.22 0.8705273 
0.24 0.8594633 
0.26 0.8618173 
0.28 0.8413371 
0.3 0.846516 
0.32 0.8500471 
0.34 0.8545198 
0.36 0.8559322 
0.38 0.8608757 
0.4 0.8634652 
0.42 0.8655838 
0.44 0.8629944 
0.46 0.865113 
0.48 0.8439266 
0.5 0.8182674 
0.54 0.7977872 
0.58 0.7707156 
0.62 0.7455273 
0.66 0.7452919 
0.7 0.7222222 
0.74 0.7222222 
0.78 0.7222222 
0.82 0.6944444 
0.86 0.6944444 
0.9 0.6111111 
0.94 0.6111111 
0.98 0.6111111 
------------- BayesianGLasso -------------
------------- ena -------------
Constructing using GeneNet ... OK
Constructing using neighborhood selection ... OK
Constructing using GLASSO ... OK
Constructing using GLASSO-SF ... OK
Constructing using PCACMI ... OK
Constructing using SPACE ... OK
Constructing using BayesianGLasso ... OK
Ensembling network using ENA ... OK
Permutating ... OK
Calculating confidence ... OK
       GeneNet             NS         GLasso      GLasso-sf         PCACMI 
       0.61111        0.89350        0.81445        0.81928        0.86158 
         SPACE BayesianGLasso            ENA 
       0.83531        0.85452        0.88771 

i: 2; seed: 0
Working with data/temp/tiny.nSample200.sigma1.csv ...
=================================================

------------- GeneNet -------------
------------- NS -------------
0.01 0.4690131 0.8392185 
0.02 0.9335991 0.8401601 
0.03 1.39403 0.8373352 
0.04 1.850562 0.8389831 
0.05 2.303438 0.844162 
0.06 2.752892 0.8443974 
0.07 3.199141 0.8498117 
0.08 3.642398 0.8481638 
0.09 4.082863 0.8491055 
0.1 4.520728 0.8512241 
0.12 5.389394 0.8526365 
0.14 6.249796 0.8566384 
0.16 7.103242 0.8587571 
0.18 7.950965 0.8629944 
0.2 8.794135 0.8693503 
0.22 9.633874 0.8613465 
0.24 10.47127 0.8691149 
0.26 11.30737 0.8698211 
0.28 12.14323 0.8752354 
0.3 12.97987 0.8752354 
0.32 13.81833 0.8757062 
0.34 14.65965 0.8794727 
0.36 15.5049 0.8794727 
0.38 16.35517 0.8877119 
0.4 17.2116 0.8853578 
0.42 18.07536 0.8806497 
0.44 18.94771 0.8872411 
0.46 19.82997 0.8921846 
0.48 20.72356 0.8919492 
0.5 21.63001 0.8943032 
0.54 23.48828 0.8999529 
0.58 25.42019 0.8844162 
0.62 27.44484 0.8950094 
0.66 29.58675 0.8973635 
0.7 31.87854 0.904661 
0.74 34.36554 0.8858286 
0.78 37.11408 0.8719397 
0.82 40.22788 0.8481638 
0.86 43.88464 0.854049 
0.9 48.43329 0.856403 
0.94 54.73997 0.8112053 
0.98 66.56416 0.7434087 
------------- glasso -------------
0.01 0.865113 
0.02 0.8714689 
0.03 0.8846516 
0.04 0.8931262 
0.05 0.9072505 
0.06 0.9129002 
0.07 0.9190207 
0.08 0.9176083 
0.09 0.9225518 
0.1 0.9216102 
0.12 0.9329096 
0.14 0.9190207 
0.16 0.9169021 
0.18 0.9187853 
0.2 0.9237288 
0.22 0.9018362 
0.24 0.876177 
0.26 0.8276836 
0.28 0.7535311 
0.3 0.7624765 
0.32 0.738936 
0.34 0.738936 
0.36 0.74129 
0.38 0.7429379 
0.4 0.7431733 
0.42 0.7182203 
0.44 0.690678 
0.46 0.6353578 
0.48 0.6355932 
0.5 0.6355932 
0.54 0.6111111 
0.58 0.6111111 
0.62 0.5555556 
0.66 0.5555556 
0.7 0.5555556 
0.74 0.5 
0.78 0.5 
------------- glassosf -------------
0.01 0.8644068 
0.02 0.8742938 
0.03 0.8961864 
0.04 0.9159605 
0.05 0.9190207 
0.06 0.9333804 
0.07 0.9256121 
0.08 0.9456215 
0.09 0.9206685 
0.1 0.9211394 
0.12 0.9239642 
0.14 0.8272128 
0.16 0.7631827 
0.18 0.7394068 
0.2 0.7436441 
0.22 0.7186911 
0.24 0.690678 
0.26 0.6355932 
0.28 0.6111111 
0.3 0.5833333 
0.32 0.5555556 
0.34 0.5555556 
0.36 0.5277778 
0.38 0.5 
0.4 0.5 
0.42 0.5 
0.44 0.5 
0.46 0.5 
0.48 0.5 
0.5 0.5 
0.54 0.5 
0.58 0.5 
0.62 0.5 
0.66 0.5 
0.7 0.5 
0.74 0.5 
0.78 0.5 
------------- pcacmi -------------
------------- space -------------
0.01 0.8352166 
0.02 0.8401601 
0.03 0.8467514 
0.04 0.8531073 
0.05 0.8495763 
0.06 0.8582863 
0.07 0.8606403 
0.08 0.8667608 
0.09 0.8681733 
0.1 0.8665254 
0.12 0.8747646 
0.14 0.8780603 
0.16 0.8858286 
0.18 0.8827684 
0.2 0.8919492 
0.22 0.8931262 
0.24 0.9006591 
0.26 0.8891243 
0.28 0.8907721 
0.3 0.8950094 
0.32 0.9016008 
0.34 0.8820621 
0.36 0.8865348 
0.38 0.8660546 
0.4 0.8719397 
0.42 0.8709981 
0.44 0.875 
0.46 0.8764124 
0.48 0.8276836 
0.5 0.8300377 
0.54 0.8062618 
0.58 0.7820151 
0.62 0.7629473 
0.66 0.7365819 
0.7 0.7410546 
0.74 0.7431733 
0.78 0.7431733 
0.82 0.7179849 
0.86 0.7179849 
0.9 0.6629002 
0.94 0.6353578 
0.98 0.6353578 
------------- BayesianGLasso -------------
------------- ena -------------
Constructing using GeneNet ... OK
Constructing using neighborhood selection ... OK
Constructing using GLASSO ... OK
Constructing using GLASSO-SF ... OK
Constructing using PCACMI ... OK
Constructing using SPACE ... OK
Constructing using BayesianGLasso ... OK
Ensembling network using ENA ... OK
Permutating ... OK
Calculating confidence ... OK
       GeneNet             NS         GLasso      GLasso-sf         PCACMI 
       0.52778        0.92666        0.86704        0.87110        0.92420 
         SPACE BayesianGLasso            ENA 
       0.86902        0.89148        0.92326 

i: 3; seed: 0
Working with data/temp/tiny.nSample200.sigma1.csv ...
=================================================

------------- GeneNet -------------
------------- NS -------------
0.01 0.4988364 0.9067797 
0.02 0.9929643 0.9065443 
0.03 1.482672 0.9119586 
0.04 1.968234 0.9065443 
0.05 2.449908 0.9093691 
0.06 2.927941 0.9110169 
0.07 3.402567 0.9030132 
0.08 3.874009 0.9030132 
0.09 4.342481 0.9048964 
0.1 4.808189 0.9072505 
0.12 5.732091 0.9114878 
0.14 6.647204 0.9112524 
0.16 7.554919 0.9091337 
0.18 8.456547 0.9143126 
0.2 9.353332 0.9171375 
0.22 10.24647 0.9161959 
0.24 11.13711 0.9178437 
0.26 12.02638 0.9216102 
0.28 12.91538 0.923258 
0.3 13.80523 0.9211394 
0.32 14.697 0.9237288 
0.34 15.59182 0.9230226 
0.36 16.49082 0.9239642 
0.38 17.39516 0.9263183 
0.4 18.30604 0.9265537 
0.42 19.22473 0.9270245 
0.44 20.15255 0.9286723 
0.46 21.09091 0.9265537 
0.48 22.04132 0.9260829 
0.5 23.0054 0.9284369 
0.54 24.98184 0.9296139 
0.58 27.03659 0.9289077 
0.62 29.18999 0.9298493 
0.66 31.4681 0.9093691 
0.7 33.90562 0.9124294 
0.74 36.55076 0.9129002 
0.78 39.47407 0.9154896 
0.82 42.78587 0.9164313 
0.86 46.67515 0.8928908 
0.9 51.51304 0.8669962 
0.94 58.22074 0.8672316 
0.98 70.7968 0.7653013 
------------- glasso -------------
0.01 0.9060734 
0.02 0.914548 
0.03 0.9227872 
0.04 0.9171375 
0.05 0.924435 
0.06 0.9225518 
0.07 0.9265537 
0.08 0.9241996 
0.09 0.9260829 
0.1 0.9333804 
0.12 0.9253766 
0.14 0.9270245 
0.16 0.9063089 
0.18 0.8759416 
0.2 0.884887 
0.22 0.8846516 
0.24 0.8846516 
0.26 0.8589925 
0.28 0.8587571 
0.3 0.8389831 
0.32 0.7848399 
0.34 0.7339925 
0.36 0.7368173 
0.38 0.7113936 
0.4 0.710452 
0.42 0.7137476 
0.44 0.7161017 
0.46 0.6605461 
0.48 0.6666667 
0.5 0.6388889 
0.54 0.6388889 
0.58 0.5833333 
0.62 0.5555556 
0.66 0.5555556 
0.7 0.5277778 
0.74 0.5 
0.78 0.5 
------------- glassosf -------------
0.01 0.9103107 
0.02 0.9211394 
0.03 0.9225518 
0.04 0.9206685 
0.05 0.9246704 
0.06 0.930791 
0.07 0.923258 
0.08 0.9274953 
0.09 0.9063089 
0.1 0.8780603 
0.12 0.8815913 
0.14 0.85758 
0.16 0.8109699 
0.18 0.7344633 
0.2 0.7118644 
0.22 0.7137476 
0.24 0.6883239 
0.26 0.6666667 
0.28 0.6388889 
0.3 0.6111111 
0.32 0.5555556 
0.34 0.5555556 
0.36 0.5277778 
0.38 0.5 
0.4 0.5 
0.42 0.5 
0.44 0.5 
0.46 0.5 
0.48 0.5 
0.5 0.5 
0.54 0.5 
0.58 0.5 
0.62 0.5 
0.66 0.5 
0.7 0.5 
0.74 0.5 
0.78 0.5 
------------- pcacmi -------------
------------- space -------------
0.01 0.9060734 
0.02 0.9056026 
0.03 0.9091337 
0.04 0.9027778 
0.05 0.9065443 
0.06 0.9093691 
0.07 0.9107815 
0.08 0.9084275 
0.09 0.9152542 
0.1 0.9124294 
0.12 0.9204331 
0.14 0.9199623 
0.16 0.923258 
0.18 0.923258 
0.2 0.9272599 
0.22 0.9241996 
0.24 0.9286723 
0.26 0.9253766 
0.28 0.9300847 
0.3 0.9056026 
0.32 0.9098399 
0.34 0.9096045 
0.36 0.9074859 
0.38 0.9124294 
0.4 0.8862994 
0.42 0.8879473 
0.44 0.8891243 
0.46 0.8903013 
0.48 0.8910075 
0.5 0.8921846 
0.54 0.8655838 
0.58 0.8653484 
0.62 0.8655838 
0.66 0.8396893 
0.7 0.7627119 
0.74 0.7379944 
0.78 0.7398776 
0.82 0.7151601 
0.86 0.7151601 
0.9 0.7198682 
0.94 0.7193974 
0.98 0.6666667 
------------- BayesianGLasso -------------
------------- ena -------------
Constructing using GeneNet ... OK
Constructing using neighborhood selection ... OK
Constructing using GLASSO ... OK
Constructing using GLASSO-SF ... OK
Constructing using PCACMI ... OK
Constructing using SPACE ... OK
Constructing using BayesianGLasso ... OK
Ensembling network using ENA ... OK
Permutating ... OK
Calculating confidence ... OK
       GeneNet             NS         GLasso      GLasso-sf         PCACMI 
       0.83969        0.91370        0.84398        0.84936        0.87406 
         SPACE BayesianGLasso            ENA 
       0.86034        0.92232        0.93456 

i: 4; seed: 0
Working with data/temp/tiny.nSample200.sigma1.csv ...
=================================================

------------- GeneNet -------------
------------- NS -------------
0.01 0.4867838 0.8644068 
0.02 0.9689728 0.8644068 
0.03 1.446849 0.865113 
0.04 1.920679 0.8707627 
0.05 2.390715 0.8622881 
0.06 2.857198 0.8629944 
0.07 3.320356 0.8660546 
0.08 3.780407 0.8627589 
0.09 4.237561 0.8660546 
0.1 4.692017 0.8714689 
0.12 5.593596 0.8695857 
0.14 6.486598 0.867467 
0.16 7.372381 0.8684087 
0.18 8.252224 0.863936 
0.2 9.127342 0.8644068 
0.22 9.998898 0.8698211 
0.24 10.86802 0.8688795 
0.26 11.7358 0.8712335 
0.28 12.60333 0.8686441 
0.3 13.47167 0.8582863 
0.32 14.3419 0.8495763 
0.34 15.2151 0.8498117 
0.36 16.09238 0.8498117 
0.38 16.97486 0.8535782 
0.4 17.86374 0.8516949 
0.42 18.76023 0.8533427 
0.44 19.66563 0.8578154 
0.46 20.58132 0.8625235 
0.48 21.50877 0.8585217 
0.5 22.44956 0.8606403 
0.54 24.37824 0.8677024 
0.58 26.38335 0.8448682 
0.62 28.48472 0.8521657 
0.66 30.70778 0.8295669 
0.7 33.08641 0.8293315 
0.74 35.66764 0.8182674 
0.78 38.52032 0.7975518 
0.82 41.7521 0.8006121 
0.86 45.54741 0.8046139 
0.9 50.26841 0.806968 
0.94 56.81405 0.7864878 
0.98 69.08625 0.7730697 
------------- glasso -------------
0.01 0.8797081 
0.02 0.8926554 
0.03 0.8782957 
0.04 0.8900659 
0.05 0.8717043 
0.06 0.8613465 
0.07 0.8627589 
0.08 0.867467 
0.09 0.8679379 
0.1 0.8705273 
0.12 0.8745292 
0.14 0.8531073 
0.16 0.8396893 
0.18 0.7996704 
0.2 0.8010829 
0.22 0.8072034 
0.24 0.8083804 
0.26 0.8086158 
0.28 0.8137947 
0.3 0.7617702 
0.32 0.7683616 
0.34 0.770951 
0.36 0.7728343 
0.38 0.7452919 
0.4 0.747646 
0.42 0.7471751 
0.44 0.75 
0.46 0.7222222 
0.48 0.6666667 
0.5 0.6111111 
0.54 0.5555556 
0.58 0.5277778 
0.62 0.5277778 
0.66 0.5277778 
0.7 0.5 
0.74 0.5 
0.78 0.5 
------------- glassosf -------------
0.01 0.8754708 
0.02 0.8853578 
0.03 0.8933616 
0.04 0.8820621 
0.05 0.8707627 
0.06 0.8684087 
0.07 0.8780603 
0.08 0.8582863 
0.09 0.8396893 
0.1 0.8215631 
0.12 0.808145 
0.14 0.8140301 
0.16 0.818032 
0.18 0.770951 
0.2 0.7754237 
0.22 0.75 
0.24 0.6944444 
0.26 0.5833333 
0.28 0.5555556 
0.3 0.5277778 
0.32 0.5277778 
0.34 0.5277778 
0.36 0.5 
0.38 0.5 
0.4 0.5 
0.42 0.5 
0.44 0.5 
0.46 0.5 
0.48 0.5 
0.5 0.5 
0.54 0.5 
0.58 0.5 
0.62 0.5 
0.66 0.5 
0.7 0.5 
0.74 0.5 
0.78 0.5 
------------- pcacmi -------------
------------- space -------------
0.01 0.8637006 
0.02 0.8695857 
0.03 0.8622881 
0.04 0.8634652 
0.05 0.8702919 
0.06 0.867467 
0.07 0.86629 
0.08 0.8771186 
0.09 0.8658192 
0.1 0.8677024 
0.12 0.8754708 
0.14 0.8754708 
0.16 0.8446328 
0.18 0.8542844 
0.2 0.8561676 
0.22 0.8582863 
0.24 0.8613465 
0.26 0.8625235 
0.28 0.8458098 
0.3 0.829096 
0.32 0.8300377 
0.34 0.8309793 
0.36 0.815678 
0.38 0.7935499 
0.4 0.7977872 
0.42 0.8010829 
0.44 0.8017891 
0.46 0.8041431 
0.48 0.8079096 
0.5 0.806968 
0.54 0.8079096 
0.58 0.8130885 
0.62 0.7886064 
0.66 0.7622411 
0.7 0.7434087 
0.74 0.7455273 
0.78 0.7457627 
0.82 0.7478814 
0.86 0.7478814 
0.9 0.747646 
0.94 0.75 
0.98 0.6944444 
------------- BayesianGLasso -------------
------------- ena -------------
Constructing using GeneNet ... OK
Constructing using neighborhood selection ... OK
Constructing using GLASSO ... OK
Constructing using GLASSO-SF ... OK
Constructing using PCACMI ... OK
Constructing using SPACE ... OK
Constructing using BayesianGLasso ... OK
Ensembling network using ENA ... OK
Permutating ... OK
Calculating confidence ... OK
       GeneNet             NS         GLasso      GLasso-sf         PCACMI 
       0.55556        0.87747        0.81643        0.82170        0.80038 
         SPACE BayesianGLasso            ENA 
       0.83937        0.87265        0.86535 

i: 5; seed: 0
Working with data/temp/tiny.nSample200.sigma1.csv ...
=================================================

------------- GeneNet -------------
------------- NS -------------
0.01 0.4869415 0.7740113 
0.02 0.9692867 0.7782486 
0.03 1.447318 0.7824859 
0.04 1.921301 0.7864878 
0.05 2.391489 0.7834275 
0.06 2.858123 0.7775424 
0.07 3.321431 0.7803672 
0.08 3.781632 0.7829567 
0.09 4.238933 0.7846045 
0.1 4.693536 0.7888418 
0.12 5.595408 0.7886064 
0.14 6.488699 0.7973164 
0.16 7.374769 0.8017891 
0.18 8.254897 0.8017891 
0.2 9.130298 0.7956685 
0.22 10.00214 0.7989642 
0.24 10.87154 0.8027307 
0.26 11.73961 0.7919021 
0.28 12.60741 0.7937853 
0.3 13.47604 0.8001412 
0.32 14.34655 0.8036723 
0.34 15.22003 0.8076742 
0.36 16.09759 0.8067326 
0.38 16.98036 0.8095574 
0.4 17.86953 0.8154426 
0.42 18.76631 0.816855 
0.44 19.672 0.8210923 
0.46 20.58799 0.8210923 
0.48 21.51574 0.8232109 
0.5 22.45683 0.8272128 
0.54 24.38614 0.8140301 
0.58 26.3919 0.8152072 
0.62 28.49395 0.8201507 
0.66 30.71773 0.8229755 
0.7 33.09713 0.8269774 
0.74 35.6792 0.8293315 
0.78 38.5328 0.8352166 
0.82 41.76562 0.8152072 
0.86 45.56217 0.8182674 
0.9 50.28469 0.8232109 
0.94 56.83245 0.8006121 
0.98 69.10862 0.7306968 
------------- glasso -------------
0.01 0.7855461 
0.02 0.8013183 
0.03 0.8109699 
0.04 0.798258 
0.05 0.8220339 
0.06 0.8316855 
0.07 0.8333333 
0.08 0.8429849 
0.09 0.844162 
0.1 0.8535782 
0.12 0.8512241 
0.14 0.8648776 
0.16 0.8707627 
0.18 0.8712335 
0.2 0.8611111 
0.22 0.8380414 
0.24 0.8154426 
0.26 0.7909605 
0.28 0.7921375 
0.3 0.742467 
0.32 0.721516 
0.34 0.694209 
0.36 0.7090395 
0.38 0.7111582 
0.4 0.7130414 
0.42 0.7144539 
0.44 0.7123352 
0.46 0.7125706 
0.48 0.7130414 
0.5 0.7130414 
0.54 0.6869115 
0.58 0.6111111 
0.62 0.5555556 
0.66 0.5555556 
0.7 0.5277778 
0.74 0.5277778 
0.78 0.5277778 
------------- glassosf -------------
0.01 0.7909605 
0.02 0.8041431 
0.03 0.8104991 
0.04 0.8305085 
0.05 0.8333333 
0.06 0.8458098 
0.07 0.8519303 
0.08 0.8604049 
0.09 0.8667608 
0.1 0.8691149 
0.12 0.8554614 
0.14 0.836629 
0.16 0.7394068 
0.18 0.6923258 
0.2 0.7113936 
0.22 0.7125706 
0.24 0.7137476 
0.26 0.7130414 
0.28 0.6322976 
0.3 0.6388889 
0.32 0.5555556 
0.34 0.5555556 
0.36 0.5277778 
0.38 0.5277778 
0.4 0.5277778 
0.42 0.5277778 
0.44 0.5 
0.46 0.5 
0.48 0.5 
0.5 0.5 
0.54 0.5 
0.58 0.5 
0.62 0.5 
0.66 0.5 
0.7 0.5 
0.74 0.5 
0.78 0.5 
------------- pcacmi -------------
------------- space -------------
0.01 0.7794256 
0.02 0.7867232 
0.03 0.788371 
0.04 0.7860169 
0.05 0.7904896 
0.06 0.7923729 
0.07 0.7966102 
0.08 0.8010829 
0.09 0.8027307 
0.1 0.7987288 
0.12 0.809322 
0.14 0.8032015 
0.16 0.8119115 
0.18 0.8154426 
0.2 0.8196798 
0.22 0.8227401 
0.24 0.8307439 
0.26 0.8114407 
0.28 0.8182674 
0.3 0.818032 
0.32 0.8246234 
0.34 0.8283898 
0.36 0.8295669 
0.38 0.8347458 
0.4 0.8126177 
0.42 0.8154426 
0.44 0.8159134 
0.46 0.819209 
0.48 0.7954331 
0.5 0.798258 
0.54 0.7987288 
0.58 0.7984934 
0.62 0.799435 
0.66 0.7518832 
0.7 0.7283427 
0.74 0.73258 
0.78 0.710452 
0.82 0.7106874 
0.86 0.7135122 
0.9 0.6859699 
0.94 0.6864407 
0.98 0.6890301 
------------- BayesianGLasso -------------
------------- ena -------------
Constructing using GeneNet ... OK
Constructing using neighborhood selection ... OK
Constructing using GLASSO ... OK
Constructing using GLASSO-SF ... OK
Constructing using PCACMI ... OK
Constructing using SPACE ... OK
Constructing using BayesianGLasso ... OK
Ensembling network using ENA ... OK
Permutating ... OK
Calculating confidence ... OK
       GeneNet             NS         GLasso      GLasso-sf         PCACMI 
       0.75753        0.86408        0.80995        0.80523        0.84722 
         SPACE BayesianGLasso            ENA 
       0.78623        0.82368        0.84675 

i: 6; seed: 0
Working with data/temp/tiny.nSample200.sigma1.csv ...
=================================================

------------- GeneNet -------------
------------- NS -------------
0.01 0.4853378 0.8644068 
0.02 0.9660945 0.8637006 
0.03 1.442551 0.8646422 
0.04 1.914973 0.8625235 
0.05 2.383613 0.865113 
0.06 2.84871 0.8686441 
0.07 3.310493 0.8733522 
0.08 3.769178 0.8717043 
0.09 4.224973 0.8742938 
0.1 4.678079 0.8709981 
0.12 5.57698 0.8698211 
0.14 6.46733 0.8714689 
0.16 7.350482 0.8766478 
0.18 8.227711 0.8768832 
0.2 9.100229 0.8759416 
0.22 9.969197 0.8759416 
0.24 10.83574 0.8780603 
0.26 11.70094 0.8797081 
0.28 12.56589 0.8853578 
0.3 13.43165 0.8790019 
0.32 14.2993 0.8794727 
0.34 15.1699 0.8799435 
0.36 16.04458 0.8801789 
0.38 16.92444 0.8669962 
0.4 17.81068 0.8705273 
0.42 18.70451 0.8705273 
0.44 19.60722 0.8745292 
0.46 20.52019 0.8808851 
0.48 21.44488 0.8622881 
0.5 22.38287 0.8622881 
0.54 24.30583 0.8653484 
0.58 26.30498 0.8655838 
0.62 28.40011 0.8547552 
0.66 30.61657 0.8601695 
0.7 32.98813 0.8387476 
0.74 35.56169 0.8385122 
0.78 38.4059 0.8210923 
0.82 41.62807 0.8260358 
0.86 45.41211 0.8020245 
0.9 50.11909 0.8076742 
0.94 56.64528 0.7921375 
0.98 68.88103 0.7422316 
------------- glasso -------------
0.01 0.8740584 
0.02 0.8872411 
0.03 0.8728814 
0.04 0.877354 
0.05 0.8844162 
0.06 0.8686441 
0.07 0.8733522 
0.08 0.8858286 
0.09 0.8672316 
0.1 0.8841808 
0.12 0.8714689 
0.14 0.8775895 
0.16 0.8592279 
0.18 0.8427495 
0.2 0.8222693 
0.22 0.8295669 
0.24 0.806968 
0.26 0.8100282 
0.28 0.7921375 
0.3 0.7643597 
0.32 0.7391714 
0.34 0.7422316 
0.36 0.7415254 
0.38 0.6944444 
0.4 0.6944444 
0.42 0.6666667 
0.44 0.6666667 
0.46 0.6666667 
0.48 0.6388889 
0.5 0.6111111 
0.54 0.6111111 
0.58 0.5555556 
0.62 0.5555556 
0.66 0.5277778 
0.7 0.5 
0.74 0.5 
0.78 0.5 
------------- glassosf -------------
0.01 0.873823 
0.02 0.8792373 
0.03 0.8813559 
0.04 0.8644068 
0.05 0.8785311 
0.06 0.8811205 
0.07 0.8665254 
0.08 0.8799435 
0.09 0.8797081 
0.1 0.8921846 
0.12 0.8281544 
0.14 0.8109699 
0.16 0.7921375 
0.18 0.7422316 
0.2 0.6944444 
0.22 0.6666667 
0.24 0.6666667 
0.26 0.6111111 
0.28 0.6111111 
0.3 0.5555556 
0.32 0.5277778 
0.34 0.5 
0.36 0.5 
0.38 0.5 
0.4 0.5 
0.42 0.5 
0.44 0.5 
0.46 0.5 
0.48 0.5 
0.5 0.5 
0.54 0.5 
0.58 0.5 
0.62 0.5 
0.66 0.5 
0.7 0.5 
0.74 0.5 
0.78 0.5 
------------- pcacmi -------------
------------- space -------------
0.01 0.8634652 
0.02 0.8606403 
0.03 0.8691149 
0.04 0.8646422 
0.05 0.8644068 
0.06 0.8629944 
0.07 0.8740584 
0.08 0.8695857 
0.09 0.8679379 
0.1 0.8707627 
0.12 0.8771186 
0.14 0.8646422 
0.16 0.8646422 
0.18 0.8582863 
0.2 0.8547552 
0.22 0.8618173 
0.24 0.85758 
0.26 0.8646422 
0.28 0.8472222 
0.3 0.8288606 
0.32 0.8328625 
0.34 0.8368644 
0.36 0.8161488 
0.38 0.8185028 
0.4 0.8227401 
0.42 0.8269774 
0.44 0.827919 
0.46 0.8307439 
0.48 0.8050847 
0.5 0.8062618 
0.54 0.7888418 
0.58 0.7641243 
0.62 0.7641243 
0.66 0.7391714 
0.7 0.7408192 
0.74 0.7429379 
0.78 0.7156309 
0.82 0.6610169 
0.86 0.6666667 
0.9 0.6666667 
0.94 0.6666667 
0.98 0.6388889 
------------- BayesianGLasso -------------
------------- ena -------------
Constructing using GeneNet ... OK
Constructing using neighborhood selection ... OK
Constructing using GLASSO ... OK
Constructing using GLASSO-SF ... OK
Constructing using PCACMI ... OK
Constructing using SPACE ... OK
Constructing using BayesianGLasso ... OK
Ensembling network using ENA ... OK
Permutating ... OK
Calculating confidence ... OK
       GeneNet             NS         GLasso      GLasso-sf         PCACMI 
       0.50000        0.88845        0.83311        0.83597        0.85122 
         SPACE BayesianGLasso            ENA 
       0.82938        0.87994        0.88960 

i: 7; seed: 0
Working with data/temp/tiny.nSample200.sigma1.csv ...
=================================================

------------- GeneNet -------------
------------- NS -------------
0.01 0.5405169 0.7768362 
0.02 1.075932 0.7803672 
0.03 1.606558 0.7822505 
0.04 2.132691 0.7864878 
0.05 2.654611 0.7904896 
0.06 3.172586 0.7944915 
0.07 3.686869 0.7989642 
0.08 4.197703 0.8041431 
0.09 4.705319 0.8104991 
0.1 5.20994 0.8152072 
0.12 6.211039 0.7987288 
0.14 7.202614 0.8062618 
0.16 8.186173 0.8121469 
0.18 9.163137 0.8130885 
0.2 10.13485 0.8189736 
0.22 11.10262 0.8234463 
0.24 12.06767 0.8288606 
0.26 13.03125 0.8213277 
0.28 13.99454 0.8107345 
0.3 14.95873 0.8130885 
0.32 15.92501 0.8177966 
0.34 16.8946 0.8194444 
0.36 17.86872 0.8248588 
0.38 18.84862 0.8286252 
0.4 19.83561 0.829096 
0.42 20.83106 0.8298023 
0.44 21.8364 0.8300377 
0.46 22.85317 0.8347458 
0.48 23.88299 0.836629 
0.5 24.92763 0.8432203 
0.54 27.06921 0.8451036 
0.58 29.29565 0.8486347 
0.62 31.62897 0.855226 
0.66 34.09743 0.8606403 
0.7 36.73862 0.8632298 
0.74 39.60478 0.8653484 
0.78 42.77234 0.8681733 
0.82 46.36086 0.8747646 
0.86 50.57511 0.8286252 
0.9 55.81723 0.8100282 
0.94 63.0854 0.8203861 
0.98 76.71226 0.7707156 
------------- glasso -------------
0.01 0.7855461 
0.02 0.8076742 
0.03 0.8288606 
0.04 0.8302731 
0.05 0.8460452 
0.06 0.8594633 
0.07 0.8462806 
0.08 0.8535782 
0.09 0.8646422 
0.1 0.8443974 
0.12 0.8521657 
0.14 0.8608757 
0.16 0.867467 
0.18 0.8695857 
0.2 0.873823 
0.22 0.8542844 
0.24 0.834275 
0.26 0.8128531 
0.28 0.815678 
0.3 0.8196798 
0.32 0.797081 
0.34 0.7961394 
0.36 0.7161017 
0.38 0.6327684 
0.4 0.6355932 
0.42 0.6388889 
0.44 0.6111111 
0.46 0.6111111 
0.48 0.6111111 
0.5 0.6111111 
0.54 0.5833333 
0.58 0.5833333 
0.62 0.5277778 
0.66 0.5 
0.7 0.5 
0.74 0.5 
0.78 0.5 
------------- glassosf -------------
0.01 0.7930791 
0.02 0.8236817 
0.03 0.8323917 
0.04 0.8582863 
0.05 0.8498117 
0.06 0.8695857 
0.07 0.8502825 
0.08 0.8559322 
0.09 0.8582863 
0.1 0.8658192 
0.12 0.8248588 
0.14 0.8359228 
0.16 0.8182674 
0.18 0.7966102 
0.2 0.6327684 
0.22 0.6388889 
0.24 0.6111111 
0.26 0.6111111 
0.28 0.5833333 
0.3 0.5833333 
0.32 0.5277778 
0.34 0.5 
0.36 0.5 
0.38 0.5 
0.4 0.5 
0.42 0.5 
0.44 0.5 
0.46 0.5 
0.48 0.5 
0.5 0.5 
0.54 0.5 
0.58 0.5 
0.62 0.5 
0.66 0.5 
0.7 0.5 
0.74 0.5 
0.78 0.5 
------------- pcacmi -------------
------------- space -------------
0.01 0.7806026 
0.02 0.7867232 
0.03 0.7930791 
0.04 0.8053202 
0.05 0.8161488 
0.06 0.8008475 
0.07 0.8013183 
0.08 0.808145 
0.09 0.8154426 
0.1 0.8239171 
0.12 0.8326271 
0.14 0.8295669 
0.16 0.8210923 
0.18 0.8260358 
0.2 0.8338041 
0.22 0.8352166 
0.24 0.8427495 
0.26 0.8474576 
0.28 0.8547552 
0.3 0.8538136 
0.32 0.8589925 
0.34 0.8641714 
0.36 0.863936 
0.38 0.8698211 
0.4 0.8705273 
0.42 0.8479284 
0.44 0.8521657 
0.46 0.8512241 
0.48 0.8319209 
0.5 0.8088512 
0.54 0.8121469 
0.58 0.8170904 
0.62 0.7954331 
0.66 0.74129 
0.7 0.7434087 
0.74 0.7161017 
0.78 0.6887947 
0.82 0.6913842 
0.86 0.6388889 
0.9 0.6111111 
0.94 0.6111111 
0.98 0.6111111 
------------- BayesianGLasso -------------
------------- ena -------------
Constructing using GeneNet ... OK
Constructing using neighborhood selection ... OK
Constructing using GLASSO ... OK
Constructing using GLASSO-SF ... OK
Constructing using PCACMI ... OK
Constructing using SPACE ... OK
Constructing using BayesianGLasso ... OK
Ensembling network using ENA ... OK
Permutating ... OK
Calculating confidence ... OK
       GeneNet             NS         GLasso      GLasso-sf         PCACMI 
       0.81427        0.88252        0.83838        0.83992        0.82415 
         SPACE BayesianGLasso            ENA 
       0.82631        0.84793        0.86252 

i: 8; seed: 0
Working with data/temp/tiny.nSample200.sigma1.csv ...
=================================================

------------- GeneNet -------------
------------- NS -------------
0.01 0.5055537 0.7452919 
0.02 1.006335 0.7436441 
0.03 1.502638 0.7471751 
0.04 1.994738 0.7396422 
0.05 2.482898 0.7405838 
0.06 2.967368 0.74129 
0.07 3.448385 0.7478814 
0.08 3.926176 0.7551789 
0.09 4.400957 0.7542373 
0.1 4.872936 0.7535311 
0.12 5.809279 0.7528249 
0.14 6.736715 0.7641243 
0.16 7.656653 0.769774 
0.18 8.570422 0.768597 
0.2 9.479283 0.7716573 
0.22 10.38445 0.778484 
0.24 11.28708 0.7829567 
0.26 12.18832 0.7857815 
0.28 13.0893 0.7841337 
0.3 13.99113 0.7904896 
0.32 14.89491 0.7911959 
0.34 15.80178 0.7921375 
0.36 16.71288 0.7966102 
0.38 17.6294 0.7977872 
0.4 18.55255 0.8041431 
0.42 19.48361 0.8043785 
0.44 20.42392 0.8086158 
0.46 21.37492 0.8116761 
0.48 22.33813 0.8135593 
0.5 23.31519 0.8152072 
0.54 25.31824 0.805791 
0.58 27.40067 0.8060264 
0.62 29.58306 0.8128531 
0.66 31.89185 0.819209 
0.7 34.36219 0.8234463 
0.74 37.04295 0.8312147 
0.78 40.00562 0.8159134 
0.82 43.36202 0.8196798 
0.86 47.30367 0.8239171 
0.9 52.20671 0.8326271 
0.94 59.00474 0.8149718 
0.98 71.75014 0.7478814 
------------- glasso -------------
0.01 0.7624765 
0.02 0.7643597 
0.03 0.7730697 
0.04 0.7798964 
0.05 0.7954331 
0.06 0.8006121 
0.07 0.8062618 
0.08 0.8194444 
0.09 0.8241525 
0.1 0.8217985 
0.12 0.8185028 
0.14 0.8295669 
0.16 0.8340395 
0.18 0.8422787 
0.2 0.8272128 
0.22 0.8312147 
0.24 0.8356874 
0.26 0.836629 
0.28 0.8472222 
0.3 0.7671846 
0.32 0.7683616 
0.34 0.747646 
0.36 0.75 
0.38 0.7222222 
0.4 0.6944444 
0.42 0.6944444 
0.44 0.6666667 
0.46 0.6111111 
0.48 0.5833333 
0.5 0.5833333 
0.54 0.5833333 
0.58 0.5277778 
0.62 0.5 
0.66 0.5 
0.7 0.5 
0.74 0.5 
0.78 0.5 
------------- glassosf -------------
0.01 0.7617702 
0.02 0.7714218 
0.03 0.7836629 
0.04 0.7963748 
0.05 0.8100282 
0.06 0.8213277 
0.07 0.8161488 
0.08 0.8269774 
0.09 0.8345104 
0.1 0.8413371 
0.12 0.8340395 
0.14 0.8375706 
0.16 0.7949623 
0.18 0.75 
0.2 0.7222222 
0.22 0.6944444 
0.24 0.5833333 
0.26 0.5833333 
0.28 0.5555556 
0.3 0.5277778 
0.32 0.5 
0.34 0.5 
0.36 0.5 
0.38 0.5 
0.4 0.5 
0.42 0.5 
0.44 0.5 
0.46 0.5 
0.48 0.5 
0.5 0.5 
0.54 0.5 
0.58 0.5 
0.62 0.5 
0.66 0.5 
0.7 0.5 
0.74 0.5 
0.78 0.5 
------------- pcacmi -------------
------------- space -------------
0.01 0.7492938 
0.02 0.7448211 
0.03 0.7436441 
0.04 0.7563559 
0.05 0.7544727 
0.06 0.7653013 
0.07 0.7667137 
0.08 0.7676554 
0.09 0.7718927 
0.1 0.7761299 
0.12 0.7857815 
0.14 0.7904896 
0.16 0.7956685 
0.18 0.8017891 
0.2 0.806968 
0.22 0.8147363 
0.24 0.8034369 
0.26 0.8126177 
0.28 0.8133239 
0.3 0.8187382 
0.32 0.8239171 
0.34 0.8248588 
0.36 0.8314501 
0.38 0.8142655 
0.4 0.8217985 
0.42 0.819209 
0.44 0.8239171 
0.46 0.826742 
0.48 0.8316855 
0.5 0.8335687 
0.54 0.8373352 
0.58 0.8149718 
0.62 0.7664783 
0.66 0.7436441 
0.7 0.7457627 
0.74 0.75 
0.78 0.75 
0.82 0.7222222 
0.86 0.6944444 
0.9 0.6944444 
0.94 0.6944444 
0.98 0.6388889 
------------- BayesianGLasso -------------
------------- ena -------------
Constructing using GeneNet ... OK
Constructing using neighborhood selection ... OK
Constructing using GLASSO ... OK
Constructing using GLASSO-SF ... OK
Constructing using PCACMI ... OK
Constructing using SPACE ... OK
Constructing using BayesianGLasso ... OK
Ensembling network using ENA ... OK
Permutating ... OK
Calculating confidence ... OK
       GeneNet             NS         GLasso      GLasso-sf         PCACMI 
       0.50000        0.81236        0.76307        0.76943        0.82721 
         SPACE BayesianGLasso            ENA 
       0.76603        0.78037        0.81780 

i: 9; seed: 0
Working with data/temp/tiny.nSample200.sigma1.csv ...
=================================================

------------- GeneNet -------------
------------- NS -------------
0.01 0.5205334 0.8272128 
0.02 1.036153 0.8298023 
0.03 1.547162 0.8272128 
0.04 2.053843 0.8305085 
0.05 2.556467 0.8248588 
0.06 3.055292 0.8283898 
0.07 3.550562 0.8260358 
0.08 4.04251 0.829096 
0.09 4.531359 0.8321563 
0.1 5.017323 0.8323917 
0.12 5.98141 0.8305085 
0.14 6.936326 0.8323917 
0.16 7.883522 0.8370998 
0.18 8.824366 0.8436911 
0.2 9.760157 0.8467514 
0.22 10.69214 0.8352166 
0.24 11.62152 0.8368644 
0.26 12.54947 0.8415725 
0.28 13.47714 0.8429849 
0.3 14.40569 0.8479284 
0.32 15.33625 0.8469868 
0.34 16.26999 0.8495763 
0.36 17.20809 0.8521657 
0.38 18.15176 0.8531073 
0.4 19.10227 0.8608757 
0.42 20.06091 0.8637006 
0.44 21.02909 0.8655838 
0.46 22.00826 0.8700565 
0.48 23.00001 0.8702919 
0.5 24.00603 0.8742938 
0.54 26.06843 0.8808851 
0.58 28.21256 0.8613465 
0.62 30.45962 0.845339 
0.66 32.83681 0.8498117 
0.7 35.38035 0.8571092 
0.74 38.14054 0.8580508 
0.78 41.191 0.8608757 
0.82 44.64685 0.8648776 
0.86 48.7053 0.8684087 
0.9 53.75361 0.8709981 
0.94 60.75307 0.8488701 
0.98 73.87612 0.7989642 
------------- glasso -------------
0.01 0.8316855 
0.02 0.8462806 
0.03 0.8587571 
0.04 0.8644068 
0.05 0.8599341 
0.06 0.8665254 
0.07 0.877354 
0.08 0.8752354 
0.09 0.8785311 
0.1 0.8811205 
0.12 0.8893597 
0.14 0.8978343 
0.16 0.8801789 
0.18 0.8589925 
0.2 0.8632298 
0.22 0.8669962 
0.24 0.8700565 
0.26 0.8717043 
0.28 0.8745292 
0.3 0.8759416 
0.32 0.7942561 
0.34 0.795904 
0.36 0.7163371 
0.38 0.7170433 
0.4 0.6887947 
0.42 0.6913842 
0.44 0.6944444 
0.46 0.6666667 
0.48 0.6388889 
0.5 0.6111111 
0.54 0.5555556 
0.58 0.5277778 
0.62 0.5 
0.66 0.5 
0.7 0.5 
0.74 0.5 
0.78 0.5 
------------- glassosf -------------
0.01 0.837806 
0.02 0.8556968 
0.03 0.8686441 
0.04 0.8669962 
0.05 0.8797081 
0.06 0.8881827 
0.07 0.8879473 
0.08 0.895951 
0.09 0.9048964 
0.1 0.8853578 
0.12 0.867467 
0.14 0.872646 
0.16 0.8757062 
0.18 0.795904 
0.2 0.6892655 
0.22 0.6944444 
0.24 0.6388889 
0.26 0.6111111 
0.28 0.5555556 
0.3 0.5 
0.32 0.5 
0.34 0.5 
0.36 0.5 
0.38 0.5 
0.4 0.5 
0.42 0.5 
0.44 0.5 
0.46 0.5 
0.48 0.5 
0.5 0.5 
0.54 0.5 
0.58 0.5 
0.62 0.5 
0.66 0.5 
0.7 0.5 
0.74 0.5 
0.78 0.5 
------------- pcacmi -------------
------------- space -------------
0.01 0.8288606 
0.02 0.8307439 
0.03 0.827919 
0.04 0.8347458 
0.05 0.8408663 
0.06 0.8399247 
0.07 0.8415725 
0.08 0.8418079 
0.09 0.8436911 
0.1 0.8486347 
0.12 0.8578154 
0.14 0.8472222 
0.16 0.8533427 
0.18 0.8547552 
0.2 0.846516 
0.22 0.8514595 
0.24 0.8370998 
0.26 0.8370998 
0.28 0.8422787 
0.3 0.8483992 
0.32 0.8509887 
0.34 0.8549906 
0.36 0.8566384 
0.38 0.8599341 
0.4 0.8615819 
0.42 0.8658192 
0.44 0.867467 
0.46 0.8667608 
0.48 0.8709981 
0.5 0.8717043 
0.54 0.8745292 
0.58 0.8483992 
0.62 0.8481638 
0.66 0.7973164 
0.7 0.7989642 
0.74 0.7987288 
0.78 0.7441149 
0.82 0.7168079 
0.86 0.691855 
0.9 0.6944444 
0.94 0.6666667 
0.98 0.6666667 
------------- BayesianGLasso -------------
------------- ena -------------
Constructing using GeneNet ... OK
Constructing using neighborhood selection ... OK
Constructing using GLASSO ... OK
Constructing using GLASSO-SF ... OK
Constructing using PCACMI ... OK
Constructing using SPACE ... OK
Constructing using BayesianGLasso ... OK
Ensembling network using ENA ... OK
Permutating ... OK
Calculating confidence ... OK
       GeneNet             NS         GLasso      GLasso-sf         PCACMI 
       0.77448        0.89262        0.83004        0.83838        0.85311 
         SPACE BayesianGLasso            ENA 
       0.82894        0.86959        0.88065 

i: 10; seed: 0
Working with data/temp/tiny.nSample200.sigma1.csv ...
=================================================

------------- GeneNet -------------
------------- NS -------------
0.01 0.4820684 0.912194 
0.02 0.9595866 0.9152542 
0.03 1.432834 0.9169021 
0.04 1.902074 0.9201977 
0.05 2.367557 0.9239642 
0.06 2.829521 0.924435 
0.07 3.288192 0.9211394 
0.08 3.743787 0.9187853 
0.09 4.196513 0.9234934 
0.1 4.646566 0.9272599 
0.12 5.539412 0.930791 
0.14 6.423764 0.9300847 
0.16 7.300967 0.9279661 
0.18 8.172287 0.9326742 
0.2 9.038928 0.9383239 
0.22 9.902042 0.943032 
0.24 10.76274 0.943032 
0.26 11.62212 0.9427966 
0.28 12.48125 0.9376177 
0.3 13.34117 0.9427966 
0.32 14.20297 0.9479755 
0.34 15.06772 0.9484463 
0.36 15.93649 0.9512712 
0.38 16.81043 0.9543315 
0.4 17.6907 0.9515066 
0.42 18.57851 0.951742 
0.44 19.47514 0.9510358 
0.46 20.38196 0.9557439 
0.48 21.30042 0.9569209 
0.5 22.2321 0.9555085 
0.54 24.1421 0.9552731 
0.58 26.12778 0.9618644 
0.62 28.2088 0.9336158 
0.66 30.41033 0.9416196 
0.7 32.76591 0.9409134 
0.74 35.32214 0.943032 
0.78 38.14718 0.9183145 
0.82 41.34766 0.9225518 
0.86 45.10621 0.8987759 
0.9 49.78147 0.9006591 
0.94 56.2637 0.8549906 
0.98 68.41703 0.8295669 
------------- glasso -------------
0.01 0.9437382 
0.02 0.9347928 
0.03 0.944209 
0.04 0.9467985 
0.05 0.9545669 
0.06 0.9569209 
0.07 0.9597458 
0.08 0.9538606 
0.09 0.9611582 
0.1 0.9623352 
0.12 0.9609228 
0.14 0.9402072 
0.16 0.9399718 
0.18 0.9213748 
0.2 0.9166667 
0.22 0.9223164 
0.24 0.8973635 
0.26 0.8745292 
0.28 0.8502825 
0.3 0.8507533 
0.32 0.8547552 
0.34 0.7714218 
0.36 0.7434087 
0.38 0.719162 
0.4 0.6911488 
0.42 0.6353578 
0.44 0.6111111 
0.46 0.6111111 
0.48 0.5833333 
0.5 0.5555556 
0.54 0.5555556 
0.58 0.5555556 
0.62 0.5277778 
0.66 0.5 
0.7 0.5 
0.74 0.5 
0.78 0.5 
------------- glassosf -------------
0.01 0.933145 
0.02 0.9420904 
0.03 0.9496234 
0.04 0.9585687 
0.05 0.9580979 
0.06 0.9590395 
0.07 0.9416196 
0.08 0.940678 
0.09 0.9397363 
0.1 0.9463277 
0.12 0.920904 
0.14 0.8752354 
0.16 0.8507533 
0.18 0.7721281 
0.2 0.7469397 
0.22 0.6353578 
0.24 0.5833333 
0.26 0.5555556 
0.28 0.5555556 
0.3 0.5555556 
0.32 0.5277778 
0.34 0.5 
0.36 0.5 
0.38 0.5 
0.4 0.5 
0.42 0.5 
0.44 0.5 
0.46 0.5 
0.48 0.5 
0.5 0.5 
0.54 0.5 
0.58 0.5 
0.62 0.5 
0.66 0.5 
0.7 0.5 
0.74 0.5 
0.78 0.5 
------------- pcacmi -------------
------------- space -------------
0.01 0.9152542 
0.02 0.9225518 
0.03 0.9187853 
0.04 0.922081 
0.05 0.9270245 
0.06 0.9291431 
0.07 0.9267891 
0.08 0.9286723 
0.09 0.9362053 
0.1 0.940678 
0.12 0.9359699 
0.14 0.9446798 
0.16 0.9510358 
0.18 0.9533898 
0.2 0.9515066 
0.22 0.9576271 
0.24 0.9559793 
0.26 0.9566855 
0.28 0.9369115 
0.3 0.9366761 
0.32 0.9420904 
0.34 0.9369115 
0.36 0.9173729 
0.38 0.9190207 
0.4 0.8945386 
0.42 0.8968927 
0.44 0.8966573 
0.46 0.8966573 
0.48 0.9001883 
0.5 0.8999529 
0.54 0.8768832 
0.58 0.8519303 
0.62 0.8542844 
0.66 0.8295669 
0.7 0.8295669 
0.74 0.7193974 
0.78 0.691855 
0.82 0.691855 
0.86 0.6944444 
0.9 0.6666667 
0.94 0.6388889 
0.98 0.6111111 
------------- BayesianGLasso -------------
------------- ena -------------
Constructing using GeneNet ... OK
Constructing using neighborhood selection ... OK
Constructing using GLASSO ... OK
Constructing using GLASSO-SF ... OK
Constructing using PCACMI ... OK
Constructing using SPACE ... OK
Constructing using BayesianGLasso ... OK
Ensembling network using ENA ... OK
Permutating ... OK
Calculating confidence ... OK
       GeneNet             NS         GLasso      GLasso-sf         PCACMI 
       0.69444        0.95806        0.88779        0.88516        0.93573 
         SPACE BayesianGLasso            ENA 
       0.90173        0.94821        0.95739 

