WARNING: ignoring environment value of R_HOME
$noise
[1] 1

$plot
[1] TRUE

$rounds
[1] 10

$samp
[1] 100

$seed
[1] 0

$simu
[1] "ggm"

$size
[1] "tiny"

$verbose
[1] TRUE

i: 1; seed: 0
Working with data/temp/tiny.nSample100.sigma1.csv ...
=================================================

------------- GeneNet -------------
------------- NS -------------
0.01 0.3368186 0.768597 
0.02 0.6704581 0.7777778 
0.03 1.001113 0.7789548 
0.04 1.328969 0.7749529 
0.05 1.654199 0.7780132 
0.06 1.976971 0.7841337 
0.07 2.297442 0.7810734 
0.08 2.615764 0.7850753 
0.09 2.932081 0.7893126 
0.1 3.246531 0.7911959 
0.12 3.870358 0.7928437 
0.14 4.48825 0.7944915 
0.16 5.101147 0.8010829 
0.18 5.709933 0.806968 
0.2 6.315451 0.8046139 
0.22 6.918504 0.8090866 
0.24 7.519872 0.8147363 
0.26 8.120315 0.8161488 
0.28 8.72058 0.8227401 
0.3 9.321408 0.8234463 
0.32 9.923542 0.8246234 
0.34 10.52773 0.8309793 
0.36 11.13474 0.8338041 
0.38 11.74536 0.8328625 
0.4 12.3604 0.8420433 
0.42 12.9807 0.8396893 
0.44 13.60718 0.8403955 
0.46 14.24077 0.8434557 
0.48 14.88249 0.8436911 
0.5 15.53345 0.845339 
0.54 16.86795 0.8516949 
0.58 18.25534 0.8592279 
0.62 19.70934 0.8596987 
0.66 21.24753 0.8665254 
0.7 22.89337 0.8660546 
0.74 24.67939 0.8418079 
0.78 26.65323 0.8462806 
0.82 28.88939 0.7775424 
0.86 31.51547 0.7831921 
0.9 34.78205 0.7926083 
0.94 39.31115 0.7438795 
0.98 47.80261 0.6991525 
------------- glasso -------------
0.01 0.7817797 
0.02 0.7935499 
0.03 0.8121469 
0.04 0.8152072 
0.05 0.8142655 
0.06 0.8356874 
0.07 0.836629 
0.08 0.8481638 
0.09 0.8481638 
0.1 0.8566384 
0.12 0.8629944 
0.14 0.8681733 
0.16 0.8764124 
0.18 0.8785311 
0.2 0.8787665 
0.22 0.8785311 
0.24 0.8613465 
0.26 0.8634652 
0.28 0.8250942 
0.3 0.8265066 
0.32 0.7810734 
0.34 0.7820151 
0.36 0.7881356 
0.38 0.7398776 
0.4 0.740113 
0.42 0.7151601 
0.44 0.7179849 
0.46 0.6965631 
0.48 0.6984463 
0.5 0.6998588 
0.54 0.6800847 
0.58 0.6282957 
0.62 0.6346516 
0.66 0.6346516 
0.7 0.6071092 
0.74 0.5515537 
0.78 0.5235405 
------------- glassosf -------------
0.01 0.7843691 
0.02 0.8013183 
0.03 0.8145009 
0.04 0.8234463 
0.05 0.8392185 
0.06 0.8488701 
0.07 0.8594633 
0.08 0.8622881 
0.09 0.8719397 
0.1 0.8717043 
0.12 0.8764124 
0.14 0.8615819 
0.16 0.8194444 
0.18 0.8295669 
0.2 0.7368173 
0.22 0.7149247 
0.24 0.693032 
0.26 0.6975047 
0.28 0.6793785 
0.3 0.6285311 
0.32 0.6344162 
0.34 0.6346516 
0.36 0.6339454 
0.38 0.5793315 
0.4 0.5277778 
0.42 0.5277778 
0.44 0.5 
0.46 0.5 
0.48 0.5 
0.5 0.5 
0.54 0.5 
0.58 0.5 
0.62 0.5 
0.66 0.5 
0.7 0.5 
0.74 0.5 
0.78 0.5 
------------- pcacmi -------------
------------- space -------------
0.01 0.7730697 
0.02 0.7829567 
0.03 0.7758945 
0.04 0.7838983 
0.05 0.7820151 
0.06 0.7876648 
0.07 0.7980226 
0.08 0.8017891 
0.09 0.8039077 
0.1 0.8036723 
0.12 0.8114407 
0.14 0.8086158 
0.16 0.8133239 
0.18 0.8175612 
0.2 0.8262712 
0.22 0.8269774 
0.24 0.8316855 
0.26 0.8359228 
0.28 0.8434557 
0.3 0.8406309 
0.32 0.845339 
0.34 0.847693 
0.36 0.8531073 
0.38 0.8524011 
0.4 0.8535782 
0.42 0.8606403 
0.44 0.8578154 
0.46 0.8387476 
0.48 0.8175612 
0.5 0.8208569 
0.54 0.8206215 
0.58 0.7763653 
0.62 0.7810734 
0.66 0.7834275 
0.7 0.789548 
0.74 0.790725 
0.78 0.7671846 
0.82 0.7455273 
0.86 0.7452919 
0.9 0.7196328 
0.94 0.720339 
0.98 0.6991525 
------------- BayesianGLasso -------------
------------- ena -------------
Constructing using GeneNet ... OK
Constructing using neighborhood selection ... OK
Constructing using GLASSO ... OK
Constructing using GLASSO-SF ... OK
Constructing using PCACMI ... OK
Constructing using SPACE ... OK
Constructing using BayesianGLasso ... OK
Ensembling network using ENA ... OK
Permutating ... OK
Calculating confidence ... OK
       GeneNet             NS         GLasso      GLasso-sf         PCACMI 
       0.64548        0.88494        0.81302        0.79776        0.86959 
         SPACE BayesianGLasso            ENA 
       0.80621        0.84346        0.85852 

i: 2; seed: 0
Working with data/temp/tiny.nSample100.sigma1.csv ...
=================================================

------------- GeneNet -------------
------------- NS -------------
0.01 0.354516 0.7257533 
0.02 0.7056858 0.7297552 
0.03 1.053714 0.7332863 
0.04 1.398796 0.7297552 
0.05 1.741115 0.7365819 
0.06 2.080847 0.7295198 
0.07 2.418156 0.7351695 
0.08 2.753204 0.7382298 
0.09 3.086141 0.7297552 
0.1 3.417113 0.7257533 
0.12 4.073717 0.7262241 
0.14 4.724075 0.7375235 
0.16 5.369175 0.7405838 
0.18 6.009949 0.7481168 
0.2 6.647282 0.7561205 
0.22 7.282021 0.7580038 
0.24 7.914987 0.7700094 
0.26 8.546979 0.770951 
0.28 9.178783 0.7761299 
0.3 9.81118 0.7810734 
0.32 10.44495 0.7848399 
0.34 11.08089 0.787194 
0.36 11.71979 0.789548 
0.38 12.36249 0.797081 
0.4 13.00985 0.7806026 
0.42 13.66275 0.7824859 
0.44 14.32213 0.7848399 
0.46 14.98901 0.7893126 
0.48 15.66446 0.7893126 
0.5 16.34962 0.7911959 
0.54 17.75424 0.7984934 
0.58 19.21453 0.8039077 
0.62 20.74492 0.8121469 
0.66 22.36394 0.816855 
0.7 24.09625 0.8234463 
0.74 25.97611 0.8293315 
0.78 28.05367 0.8368644 
0.82 30.40731 0.8375706 
0.86 33.17138 0.8387476 
0.9 36.60959 0.7914313 
0.94 41.37667 0.7911959 
0.98 50.31429 0.690678 
------------- glasso -------------
0.01 0.7346987 
0.02 0.7483522 
0.03 0.7490584 
0.04 0.7601224 
0.05 0.7707156 
0.06 0.7742467 
0.07 0.7810734 
0.08 0.7881356 
0.09 0.7935499 
0.1 0.8020245 
0.12 0.8135593 
0.14 0.8163842 
0.16 0.8262712 
0.18 0.8370998 
0.2 0.8387476 
0.22 0.8460452 
0.24 0.8531073 
0.26 0.8323917 
0.28 0.8302731 
0.3 0.8389831 
0.32 0.8451036 
0.34 0.8187382 
0.36 0.7916667 
0.38 0.7655367 
0.4 0.7387006 
0.42 0.7099812 
0.44 0.7151601 
0.46 0.6911488 
0.48 0.663371 
0.5 0.60758 
0.54 0.6111111 
0.58 0.5833333 
0.62 0.5555556 
0.66 0.5555556 
0.7 0.5555556 
0.74 0.5 
0.78 0.5 
------------- glassosf -------------
0.01 0.7375235 
0.02 0.7528249 
0.03 0.7568267 
0.04 0.7747175 
0.05 0.7824859 
0.06 0.7916667 
0.07 0.8048493 
0.08 0.8133239 
0.09 0.825565 
0.1 0.8260358 
0.12 0.8429849 
0.14 0.8524011 
0.16 0.8335687 
0.18 0.8147363 
0.2 0.7641243 
0.22 0.7130414 
0.24 0.6636064 
0.26 0.6355932 
0.28 0.6111111 
0.3 0.5833333 
0.32 0.5555556 
0.34 0.5555556 
0.36 0.5555556 
0.38 0.5 
0.4 0.5 
0.42 0.5 
0.44 0.5 
0.46 0.5 
0.48 0.5 
0.5 0.5 
0.54 0.5 
0.58 0.5 
0.62 0.5 
0.66 0.5 
0.7 0.5 
0.74 0.5 
0.78 0.5 
------------- pcacmi -------------
------------- space -------------
0.01 0.7257533 
0.02 0.7323446 
0.03 0.7309322 
0.04 0.7396422 
0.05 0.7342279 
0.06 0.7403484 
0.07 0.7434087 
0.08 0.7384652 
0.09 0.7384652 
0.1 0.7434087 
0.12 0.7551789 
0.14 0.7671846 
0.16 0.7740113 
0.18 0.7860169 
0.2 0.788371 
0.22 0.7942561 
0.24 0.8015537 
0.26 0.8076742 
0.28 0.8062618 
0.3 0.8133239 
0.32 0.8159134 
0.34 0.8013183 
0.36 0.8050847 
0.38 0.809322 
0.4 0.8145009 
0.42 0.8147363 
0.44 0.8187382 
0.46 0.8215631 
0.48 0.8260358 
0.5 0.8253296 
0.54 0.834275 
0.58 0.8123823 
0.62 0.8126177 
0.66 0.8126177 
0.7 0.7893126 
0.74 0.7904896 
0.78 0.7911959 
0.82 0.7648305 
0.86 0.7377589 
0.9 0.7153955 
0.94 0.6880885 
0.98 0.690678 
------------- BayesianGLasso -------------
------------- ena -------------
Constructing using GeneNet ... OK
Constructing using neighborhood selection ... OK
Constructing using GLASSO ... OK
Constructing using GLASSO-SF ... OK
Constructing using PCACMI ... OK
Constructing using SPACE ... OK
Constructing using BayesianGLasso ... OK
Ensembling network using ENA ... OK
Permutating ... OK
Calculating confidence ... OK
       GeneNet             NS         GLasso      GLasso-sf         PCACMI 
       0.73729        0.77503        0.78744        0.79776        0.85876 
         SPACE BayesianGLasso            ENA 
       0.73309        0.79567        0.81709 

i: 3; seed: 0
Working with data/temp/tiny.nSample100.sigma1.csv ...
=================================================

------------- GeneNet -------------
------------- NS -------------
0.01 0.3750152 0.7987288 
0.02 0.7464906 0.7980226 
0.03 1.114643 0.8020245 
0.04 1.479679 0.8050847 
0.05 1.841792 0.8076742 
0.06 2.201167 0.8090866 
0.07 2.557981 0.8055556 
0.08 2.912402 0.8064972 
0.09 3.26459 0.8107345 
0.1 3.6147 0.8126177 
0.12 4.309271 0.8173258 
0.14 4.997234 0.8147363 
0.16 5.679636 0.8149718 
0.18 6.357462 0.8189736 
0.2 7.031647 0.8074388 
0.22 7.703089 0.8109699 
0.24 8.372654 0.815678 
0.26 9.04119 0.8239171 
0.28 9.709527 0.8121469 
0.3 10.37849 0.818032 
0.32 11.04891 0.8008475 
0.34 11.72162 0.8055556 
0.36 12.39747 0.809322 
0.38 13.07733 0.8147363 
0.4 13.76211 0.8145009 
0.42 14.45276 0.8208569 
0.44 15.15028 0.8234463 
0.46 15.85572 0.8265066 
0.48 16.57022 0.8250942 
0.5 17.295 0.8272128 
0.54 18.78084 0.8333333 
0.58 20.32557 0.8359228 
0.62 21.94445 0.8201507 
0.66 23.65708 0.826742 
0.7 25.48956 0.8300377 
0.74 27.47813 0.8347458 
0.78 29.67581 0.8152072 
0.82 32.16555 0.8177966 
0.86 35.08944 0.8225047 
0.9 38.72647 0.8272128 
0.94 43.76918 0.8119115 
0.98 53.22361 0.8206215 
------------- glasso -------------
0.01 0.8208569 
0.02 0.8345104 
0.03 0.8326271 
0.04 0.8382768 
0.05 0.8305085 
0.06 0.8338041 
0.07 0.8314501 
0.08 0.8338041 
0.09 0.8425141 
0.1 0.8415725 
0.12 0.8460452 
0.14 0.8599341 
0.16 0.8632298 
0.18 0.863936 
0.2 0.8474576 
0.22 0.8305085 
0.24 0.8314501 
0.26 0.8182674 
0.28 0.8154426 
0.3 0.8220339 
0.32 0.8199153 
0.34 0.8003766 
0.36 0.8013183 
0.38 0.8032015 
0.4 0.8027307 
0.42 0.8076742 
0.44 0.805791 
0.46 0.8088512 
0.48 0.8097928 
0.5 0.8088512 
0.54 0.8163842 
0.58 0.7951977 
0.62 0.7747175 
0.66 0.6666667 
0.7 0.6666667 
0.74 0.6111111 
0.78 0.5833333 
------------- glassosf -------------
0.01 0.8206215 
0.02 0.8375706 
0.03 0.8347458 
0.04 0.8295669 
0.05 0.837806 
0.06 0.8363936 
0.07 0.8403955 
0.08 0.8472222 
0.09 0.8514595 
0.1 0.8608757 
0.12 0.8479284 
0.14 0.8126177 
0.16 0.8196798 
0.18 0.7977872 
0.2 0.8017891 
0.22 0.8064972 
0.24 0.8074388 
0.26 0.8064972 
0.28 0.8149718 
0.3 0.8227401 
0.32 0.799435 
0.34 0.7222222 
0.36 0.6388889 
0.38 0.6111111 
0.4 0.6111111 
0.42 0.5833333 
0.44 0.5555556 
0.46 0.5277778 
0.48 0.5 
0.5 0.5 
0.54 0.5 
0.58 0.5 
0.62 0.5 
0.66 0.5 
0.7 0.5 
0.74 0.5 
0.78 0.5 
------------- pcacmi -------------
------------- space -------------
0.01 0.7973164 
0.02 0.8067326 
0.03 0.8008475 
0.04 0.8062618 
0.05 0.8060264 
0.06 0.8142655 
0.07 0.8112053 
0.08 0.8133239 
0.09 0.8114407 
0.1 0.815678 
0.12 0.8199153 
0.14 0.8166196 
0.16 0.8161488 
0.18 0.8104991 
0.2 0.8142655 
0.22 0.8227401 
0.24 0.8116761 
0.26 0.8145009 
0.28 0.8159134 
0.3 0.816855 
0.32 0.8227401 
0.34 0.826742 
0.36 0.8288606 
0.38 0.8347458 
0.4 0.8375706 
0.42 0.8408663 
0.44 0.847693 
0.46 0.8248588 
0.48 0.827919 
0.5 0.8095574 
0.54 0.8135593 
0.58 0.8137947 
0.62 0.8194444 
0.66 0.8213277 
0.7 0.8213277 
0.74 0.8013183 
0.78 0.8046139 
0.82 0.8062618 
0.86 0.8097928 
0.9 0.8095574 
0.94 0.8147363 
0.98 0.8152072 
------------- BayesianGLasso -------------
------------- ena -------------
Constructing using GeneNet ... OK
Constructing using neighborhood selection ... OK
Constructing using GLASSO ... OK
Constructing using GLASSO-SF ... OK
Constructing using PCACMI ... OK
Constructing using SPACE ... OK
Constructing using BayesianGLasso ... OK
Ensembling network using ENA ... OK
Permutating ... OK
Calculating confidence ... OK
       GeneNet             NS         GLasso      GLasso-sf         PCACMI 
       0.72599        0.85485        0.80040        0.77953        0.85499 
         SPACE BayesianGLasso            ENA 
       0.80215        0.83216        0.83851 

i: 4; seed: 0
Working with data/temp/tiny.nSample100.sigma1.csv ...
=================================================

------------- GeneNet -------------
------------- NS -------------
0.01 0.3230846 0.7139831 
0.02 0.6431196 0.7175141 
0.03 0.9602921 0.7158663 
0.04 1.274779 0.7153955 
0.05 1.586748 0.7153955 
0.06 1.896358 0.7179849 
0.07 2.203762 0.7219868 
0.08 2.509104 0.7196328 
0.09 2.812523 0.711629 
0.1 3.114151 0.7205744 
0.12 3.712541 0.7236347 
0.14 4.305238 0.7236347 
0.16 4.893143 0.7276365 
0.18 5.477106 0.7295198 
0.2 6.057933 0.7344633 
0.22 6.636396 0.7297552 
0.24 7.213243 0.7342279 
0.26 7.789203 0.7387006 
0.28 8.364991 0.7358757 
0.3 8.94132 0.7422316 
0.32 9.518902 0.7490584 
0.34 10.09846 0.7464689 
0.36 10.68072 0.7459981 
0.38 11.26643 0.7509416 
0.4 11.85639 0.7577684 
0.42 12.45141 0.7441149 
0.44 13.05233 0.7467043 
0.46 13.66009 0.7490584 
0.48 14.27564 0.75 
0.5 14.90006 0.7528249 
0.54 16.18015 0.7645951 
0.58 17.51097 0.7667137 
0.62 18.90567 0.7749529 
0.66 20.38115 0.7368173 
0.7 21.95987 0.7438795 
0.74 23.67307 0.7478814 
0.78 25.56643 0.7563559 
0.82 27.7114 0.7608286 
0.86 30.2304 0.7441149 
0.9 33.36378 0.7306968 
0.94 37.70821 0.7346987 
0.98 45.85342 0.6902072 
------------- glasso -------------
0.01 0.7144539 
0.02 0.7149247 
0.03 0.7208098 
0.04 0.7264595 
0.05 0.7259887 
0.06 0.7304614 
0.07 0.7391714 
0.08 0.7459981 
0.09 0.7521186 
0.1 0.7570621 
0.12 0.7580038 
0.14 0.7469397 
0.16 0.7641243 
0.18 0.7427024 
0.2 0.7492938 
0.22 0.7580038 
0.24 0.7417608 
0.26 0.748823 
0.28 0.7323446 
0.3 0.7137476 
0.32 0.7142185 
0.34 0.7255179 
0.36 0.7316384 
0.38 0.731403 
0.4 0.7069209 
0.42 0.7120998 
0.44 0.6899718 
0.46 0.6897363 
0.48 0.6626648 
0.5 0.6624294 
0.54 0.6346516 
0.58 0.5798023 
0.62 0.5795669 
0.66 0.5833333 
0.7 0.5833333 
0.74 0.5555556 
0.78 0.5555556 
------------- glassosf -------------
0.01 0.7175141 
0.02 0.7212806 
0.03 0.7250471 
0.04 0.7250471 
0.05 0.7408192 
0.06 0.7537665 
0.07 0.7532957 
0.08 0.7643597 
0.09 0.75 
0.1 0.7594162 
0.12 0.7700094 
0.14 0.7650659 
0.16 0.7370527 
0.18 0.7177495 
0.2 0.7069209 
0.22 0.7146893 
0.24 0.6624294 
0.26 0.6626648 
0.28 0.634887 
0.3 0.5798023 
0.32 0.5798023 
0.34 0.5833333 
0.36 0.5833333 
0.38 0.5555556 
0.4 0.5555556 
0.42 0.5555556 
0.44 0.5277778 
0.46 0.5277778 
0.48 0.5 
0.5 0.5 
0.54 0.5 
0.58 0.5 
0.62 0.5 
0.66 0.5 
0.7 0.5 
0.74 0.5 
0.78 0.5 
------------- pcacmi -------------
------------- space -------------
0.01 0.7146893 
0.02 0.7132768 
0.03 0.7151601 
0.04 0.7182203 
0.05 0.7182203 
0.06 0.7125706 
0.07 0.7161017 
0.08 0.7161017 
0.09 0.7222222 
0.1 0.7238701 
0.12 0.7264595 
0.14 0.7344633 
0.16 0.7318738 
0.18 0.7379944 
0.2 0.740113 
0.22 0.7474105 
0.24 0.7457627 
0.26 0.7530603 
0.28 0.7459981 
0.3 0.7516478 
0.32 0.7492938 
0.34 0.75871 
0.36 0.7655367 
0.38 0.7450565 
0.4 0.7521186 
0.42 0.7570621 
0.44 0.759887 
0.46 0.7384652 
0.48 0.7450565 
0.5 0.742467 
0.54 0.7502354 
0.58 0.7504708 
0.62 0.7372881 
0.66 0.7250471 
0.7 0.7243409 
0.74 0.7330508 
0.78 0.7346987 
0.82 0.7346987 
0.86 0.7102166 
0.9 0.712806 
0.94 0.6902072 
0.98 0.6902072 
------------- BayesianGLasso -------------
------------- ena -------------
Constructing using GeneNet ... OK
Constructing using neighborhood selection ... OK
Constructing using GLASSO ... OK
Constructing using GLASSO-SF ... OK
Constructing using PCACMI ... OK
Constructing using SPACE ... OK
Constructing using BayesianGLasso ... OK
Ensembling network using ENA ... OK
Permutating ... OK
Calculating confidence ... OK
       GeneNet             NS         GLasso      GLasso-sf         PCACMI 
       0.50000        0.75867        0.70784        0.70356        0.76601 
         SPACE BayesianGLasso            ENA 
       0.70411        0.73964        0.76224 

i: 5; seed: 0
Working with data/temp/tiny.nSample100.sigma1.csv ...
=================================================

------------- GeneNet -------------
------------- NS -------------
0.01 0.3718854 0.7292844 
0.02 0.7402606 0.7262241 
0.03 1.105341 0.7281073 
0.04 1.46733 0.7269303 
0.05 1.826421 0.7288136 
0.06 2.182797 0.7276365 
0.07 2.536633 0.7321092 
0.08 2.888096 0.7318738 
0.09 3.237345 0.7342279 
0.1 3.584533 0.7398776 
0.12 4.273307 0.7467043 
0.14 4.955529 0.7459981 
0.16 5.632236 0.7521186 
0.18 6.304404 0.7561205 
0.2 6.972963 0.7580038 
0.22 7.638801 0.7622411 
0.24 8.302779 0.7681262 
0.26 8.965735 0.7693032 
0.28 9.628494 0.7754237 
0.3 10.29188 0.7782486 
0.32 10.9567 0.7822505 
0.34 11.62379 0.7834275 
0.36 12.294 0.7862524 
0.38 12.96819 0.7916667 
0.4 13.64726 0.795904 
0.42 14.33215 0.7975518 
0.44 15.02384 0.799435 
0.46 15.7234 0.8055556 
0.48 16.43193 0.7890772 
0.5 17.15066 0.7914313 
0.54 18.62411 0.7949623 
0.58 20.15594 0.7638889 
0.62 21.76131 0.7521186 
0.66 23.45965 0.7570621 
0.7 25.27684 0.7634181 
0.74 27.2488 0.7474105 
0.78 29.42815 0.7050377 
0.82 31.89711 0.7179849 
0.86 34.7966 0.7236347 
0.9 38.40327 0.7022128 
0.94 43.4039 0.6789077 
0.98 52.77942 0.5793315 
------------- glasso -------------
0.01 0.7222222 
0.02 0.738936 
0.03 0.74129 
0.04 0.757533 
0.05 0.7801318 
0.06 0.7848399 
0.07 0.7930791 
0.08 0.8097928 
0.09 0.7977872 
0.1 0.8140301 
0.12 0.8246234 
0.14 0.8147363 
0.16 0.7853107 
0.18 0.748823 
0.2 0.761064 
0.22 0.7436441 
0.24 0.7349341 
0.26 0.740113 
0.28 0.7441149 
0.3 0.7495292 
0.32 0.752354 
0.34 0.7045669 
0.36 0.6803202 
0.38 0.6817326 
0.4 0.6862053 
0.42 0.6306497 
0.44 0.6031073 
0.46 0.5795669 
0.48 0.5517891 
0.5 0.5517891 
0.54 0.5555556 
0.58 0.5555556 
0.62 0.5555556 
0.66 0.5277778 
0.7 0.5277778 
0.74 0.5277778 
0.78 0.5277778 
------------- glassosf -------------
0.01 0.7201036 
0.02 0.7384652 
0.03 0.7525895 
0.04 0.7794256 
0.05 0.787194 
0.06 0.8076742 
0.07 0.8154426 
0.08 0.8024953 
0.09 0.7996704 
0.1 0.789548 
0.12 0.7457627 
0.14 0.740113 
0.16 0.7471751 
0.18 0.7050377 
0.2 0.6850282 
0.22 0.6306497 
0.24 0.5517891 
0.26 0.5555556 
0.28 0.5555556 
0.3 0.5555556 
0.32 0.5555556 
0.34 0.5277778 
0.36 0.5277778 
0.38 0.5277778 
0.4 0.5277778 
0.42 0.5277778 
0.44 0.5277778 
0.46 0.5 
0.48 0.5 
0.5 0.5 
0.54 0.5 
0.58 0.5 
0.62 0.5 
0.66 0.5 
0.7 0.5 
0.74 0.5 
0.78 0.5 
------------- pcacmi -------------
------------- space -------------
0.01 0.7241055 
0.02 0.7318738 
0.03 0.7243409 
0.04 0.7243409 
0.05 0.7297552 
0.06 0.7332863 
0.07 0.7408192 
0.08 0.7370527 
0.09 0.7452919 
0.1 0.75 
0.12 0.7518832 
0.14 0.7591808 
0.16 0.76742 
0.18 0.7733051 
0.2 0.779661 
0.22 0.7855461 
0.24 0.789548 
0.26 0.798258 
0.28 0.7989642 
0.3 0.7879002 
0.32 0.7900188 
0.34 0.7940207 
0.36 0.7605932 
0.38 0.7660075 
0.4 0.7733051 
0.42 0.7528249 
0.44 0.7603578 
0.46 0.75871 
0.48 0.7688324 
0.5 0.7219868 
0.54 0.7288136 
0.58 0.7427024 
0.62 0.7212806 
0.66 0.6956215 
0.7 0.6979755 
0.74 0.7026836 
0.78 0.6758475 
0.82 0.6520716 
0.86 0.6577213 
0.9 0.6577213 
0.94 0.6306497 
0.98 0.5793315 
------------- BayesianGLasso -------------
------------- ena -------------
Constructing using GeneNet ... OK
Constructing using neighborhood selection ... OK
Constructing using GLASSO ... OK
Constructing using GLASSO-SF ... OK
Constructing using PCACMI ... OK
Constructing using SPACE ... OK
Constructing using BayesianGLasso ... OK
Ensembling network using ENA ... OK
Permutating ... OK
Calculating confidence ... OK
       GeneNet             NS         GLasso      GLasso-sf         PCACMI 
       0.50000        0.81072        0.76932        0.76790        0.75659 
         SPACE BayesianGLasso            ENA 
       0.75395        0.80485        0.81285 

i: 6; seed: 0
Working with data/temp/tiny.nSample100.sigma1.csv ...
=================================================

------------- GeneNet -------------
------------- NS -------------
0.01 0.3494255 0.7288136 
0.02 0.6955528 0.7285782 
0.03 1.038584 0.7292844 
0.04 1.378711 0.7295198 
0.05 1.716115 0.7344633 
0.06 2.050968 0.7354049 
0.07 2.383434 0.7346987 
0.08 2.71367 0.7398776 
0.09 3.041827 0.7443503 
0.1 3.368046 0.7490584 
0.12 4.015222 0.7514124 
0.14 4.656241 0.751177 
0.16 5.292079 0.759887 
0.18 5.923652 0.7565913 
0.2 6.551833 0.7648305 
0.22 7.177458 0.76742 
0.24 7.801335 0.7733051 
0.26 8.424252 0.7791902 
0.28 9.046984 0.7850753 
0.3 9.670301 0.7813089 
0.32 10.29497 0.7879002 
0.34 10.92178 0.7963748 
0.36 11.55151 0.8039077 
0.38 12.18498 0.8036723 
0.4 12.82304 0.8053202 
0.42 13.46656 0.790725 
0.44 14.11648 0.797081 
0.46 14.77379 0.7984934 
0.48 15.43953 0.8017891 
0.5 16.11485 0.8074388 
0.54 17.49931 0.8072034 
0.58 18.93863 0.7902542 
0.62 20.44704 0.7933145 
0.66 22.04281 0.7975518 
0.7 23.75025 0.777307 
0.74 25.60312 0.7603578 
0.78 27.65084 0.7648305 
0.82 29.97069 0.7657721 
0.86 32.69507 0.7704802 
0.9 36.08391 0.7490584 
0.94 40.78254 0.7577684 
0.98 49.59183 0.7365819 
------------- glasso -------------
0.01 0.7478814 
0.02 0.7695386 
0.03 0.7747175 
0.04 0.7657721 
0.05 0.7789548 
0.06 0.789548 
0.07 0.795904 
0.08 0.8064972 
0.09 0.8083804 
0.1 0.8159134 
0.12 0.819209 
0.14 0.8309793 
0.16 0.8119115 
0.18 0.8163842 
0.2 0.8201507 
0.22 0.8036723 
0.24 0.8055556 
0.26 0.8043785 
0.28 0.7862524 
0.3 0.7641243 
0.32 0.7657721 
0.34 0.7620056 
0.36 0.7690678 
0.38 0.7754237 
0.4 0.7777778 
0.42 0.7283427 
0.44 0.7318738 
0.46 0.7351695 
0.48 0.7349341 
0.5 0.7403484 
0.54 0.6899718 
0.58 0.663371 
0.62 0.6071092 
0.66 0.5833333 
0.7 0.5277778 
0.74 0.5277778 
0.78 0.5 
------------- glassosf -------------
0.01 0.7514124 
0.02 0.7716573 
0.03 0.7669492 
0.04 0.7869586 
0.05 0.7954331 
0.06 0.8100282 
0.07 0.8227401 
0.08 0.8241525 
0.09 0.8396893 
0.1 0.8182674 
0.12 0.8272128 
0.14 0.8112053 
0.16 0.8112053 
0.18 0.7667137 
0.2 0.7742467 
0.22 0.7540019 
0.24 0.7631827 
0.26 0.7398776 
0.28 0.7144539 
0.3 0.6355932 
0.32 0.6071092 
0.34 0.5555556 
0.36 0.5277778 
0.38 0.5277778 
0.4 0.5 
0.42 0.5 
0.44 0.5 
0.46 0.5 
0.48 0.5 
0.5 0.5 
0.54 0.5 
0.58 0.5 
0.62 0.5 
0.66 0.5 
0.7 0.5 
0.74 0.5 
0.78 0.5 
------------- pcacmi -------------
------------- space -------------
0.01 0.7328154 
0.02 0.7276365 
0.03 0.7292844 
0.04 0.7354049 
0.05 0.7358757 
0.06 0.74129 
0.07 0.7452919 
0.08 0.7485876 
0.09 0.7551789 
0.1 0.7580038 
0.12 0.7641243 
0.14 0.7657721 
0.16 0.7702448 
0.18 0.7815443 
0.2 0.7923729 
0.22 0.7973164 
0.24 0.8043785 
0.26 0.8074388 
0.28 0.8154426 
0.3 0.8013183 
0.32 0.8034369 
0.34 0.8074388 
0.36 0.8112053 
0.38 0.8135593 
0.4 0.8159134 
0.42 0.7961394 
0.44 0.7963748 
0.46 0.7999058 
0.48 0.7577684 
0.5 0.75871 
0.54 0.761064 
0.58 0.7631827 
0.62 0.7648305 
0.66 0.769774 
0.7 0.7714218 
0.74 0.7725989 
0.78 0.7502354 
0.82 0.7525895 
0.86 0.757533 
0.9 0.73258 
0.94 0.7337571 
0.98 0.7351695 
------------- BayesianGLasso -------------
------------- ena -------------
Constructing using GeneNet ... OK
Constructing using neighborhood selection ... OK
Constructing using GLASSO ... OK
Constructing using GLASSO-SF ... OK
Constructing using PCACMI ... OK
Constructing using SPACE ... OK
Constructing using BayesianGLasso ... OK
Ensembling network using ENA ... OK
Permutating ... OK
Calculating confidence ... OK
       GeneNet             NS         GLasso      GLasso-sf         PCACMI 
       0.70669        0.79392        0.73968        0.73474        0.82321 
         SPACE BayesianGLasso            ENA 
       0.74297        0.79284        0.80650 

i: 7; seed: 0
Working with data/temp/tiny.nSample100.sigma1.csv ...
=================================================

------------- GeneNet -------------
------------- NS -------------
0.01 0.343786 0.7806026 
0.02 0.6843269 0.7848399 
0.03 1.021822 0.7843691 
0.04 1.356459 0.7874294 
0.05 1.688417 0.7902542 
0.06 2.017866 0.7909605 
0.07 2.344966 0.7963748 
0.08 2.669873 0.8008475 
0.09 2.992733 0.7991996 
0.1 3.313688 0.8020245 
0.12 3.950418 0.8079096 
0.14 4.581092 0.8112053 
0.16 5.206667 0.8128531 
0.18 5.828047 0.826742 
0.2 6.44609 0.8283898 
0.22 7.061617 0.819209 
0.24 7.675425 0.8248588 
0.26 8.288289 0.8274482 
0.28 8.90097 0.8312147 
0.3 9.514227 0.8370998 
0.32 10.12882 0.8349812 
0.34 10.74551 0.8387476 
0.36 11.36507 0.844162 
0.38 11.98832 0.845339 
0.4 12.61608 0.8479284 
0.42 13.24922 0.8524011 
0.44 13.88865 0.8587571 
0.46 14.53534 0.8618173 
0.48 15.19034 0.8587571 
0.5 15.85477 0.8648776 
0.54 17.21688 0.8681733 
0.58 18.63297 0.872646 
0.62 20.11704 0.8775895 
0.66 21.68705 0.8596987 
0.7 23.36693 0.8606403 
0.74 25.1899 0.8679379 
0.78 27.20457 0.8714689 
0.82 29.48698 0.8281544 
0.86 32.16738 0.806968 
0.9 35.50154 0.8097928 
0.94 40.12433 0.8152072 
0.98 48.79144 0.7961394 
------------- glasso -------------
0.01 0.7996704 
0.02 0.8135593 
0.03 0.8243879 
0.04 0.8321563 
0.05 0.8486347 
0.06 0.854049 
0.07 0.8615819 
0.08 0.8698211 
0.09 0.8754708 
0.1 0.8747646 
0.12 0.8740584 
0.14 0.8759416 
0.16 0.8832392 
0.18 0.8827684 
0.2 0.8893597 
0.22 0.8905367 
0.24 0.8921846 
0.26 0.8928908 
0.28 0.8943032 
0.3 0.8502825 
0.32 0.8309793 
0.34 0.8300377 
0.36 0.8361582 
0.38 0.8345104 
0.4 0.835452 
0.42 0.835452 
0.44 0.8425141 
0.46 0.8149718 
0.48 0.8173258 
0.5 0.7634181 
0.54 0.7624765 
0.58 0.7361111 
0.62 0.6600753 
0.66 0.6351224 
0.7 0.6111111 
0.74 0.5555556 
0.78 0.5555556 
------------- glassosf -------------
0.01 0.8022599 
0.02 0.8225047 
0.03 0.8239171 
0.04 0.8483992 
0.05 0.8580508 
0.06 0.8757062 
0.07 0.8815913 
0.08 0.876177 
0.09 0.8806497 
0.1 0.884887 
0.12 0.8893597 
0.14 0.8912429 
0.16 0.8961864 
0.18 0.8314501 
0.2 0.8333333 
0.22 0.8396893 
0.24 0.8415725 
0.26 0.8161488 
0.28 0.7636535 
0.3 0.7363465 
0.32 0.7130414 
0.34 0.6313559 
0.36 0.6111111 
0.38 0.5555556 
0.4 0.5555556 
0.42 0.5555556 
0.44 0.5277778 
0.46 0.5277778 
0.48 0.5277778 
0.5 0.5277778 
0.54 0.5 
0.58 0.5 
0.62 0.5 
0.66 0.5 
0.7 0.5 
0.74 0.5 
0.78 0.5 
------------- pcacmi -------------
------------- space -------------
0.01 0.7822505 
0.02 0.7864878 
0.03 0.788371 
0.04 0.788371 
0.05 0.7996704 
0.06 0.7999058 
0.07 0.8022599 
0.08 0.806968 
0.09 0.8114407 
0.1 0.8062618 
0.12 0.8217985 
0.14 0.8274482 
0.16 0.8276836 
0.18 0.8281544 
0.2 0.8361582 
0.22 0.8415725 
0.24 0.8474576 
0.26 0.8559322 
0.28 0.8580508 
0.3 0.8606403 
0.32 0.8629944 
0.34 0.867467 
0.36 0.8705273 
0.38 0.8733522 
0.4 0.8754708 
0.42 0.8735876 
0.44 0.877354 
0.46 0.8801789 
0.48 0.8582863 
0.5 0.8585217 
0.54 0.845339 
0.58 0.8455744 
0.62 0.8283898 
0.66 0.8036723 
0.7 0.8055556 
0.74 0.8076742 
0.78 0.8135593 
0.82 0.8126177 
0.86 0.816855 
0.9 0.8189736 
0.94 0.8208569 
0.98 0.7949623 
------------- BayesianGLasso -------------
------------- ena -------------
Constructing using GeneNet ... OK
Constructing using neighborhood selection ... OK
Constructing using GLASSO ... OK
Constructing using GLASSO-SF ... OK
Constructing using PCACMI ... OK
Constructing using SPACE ... OK
Constructing using BayesianGLasso ... OK
Ensembling network using ENA ... OK
Permutating ... OK
Calculating confidence ... OK
       GeneNet             NS         GLasso      GLasso-sf         PCACMI 
       0.66667        0.86539        0.82686        0.82323        0.91455 
         SPACE BayesianGLasso            ENA 
       0.82213        0.88583        0.88489 

i: 8; seed: 0
Working with data/temp/tiny.nSample100.sigma1.csv ...
=================================================

------------- GeneNet -------------
------------- NS -------------
0.01 0.3629203 0.8467514 
0.02 0.7224151 0.8474576 
0.03 1.078694 0.8418079 
0.04 1.431957 0.8436911 
0.05 1.782391 0.8399247 
0.06 2.130176 0.8401601 
0.07 2.475482 0.8370998 
0.08 2.818472 0.8359228 
0.09 3.159302 0.8347458 
0.1 3.49812 0.8368644 
0.12 4.17029 0.8258004 
0.14 4.836066 0.8262712 
0.16 5.496459 0.8321563 
0.18 6.152423 0.8250942 
0.2 6.804865 0.826742 
0.22 7.454652 0.8276836 
0.24 8.102623 0.8274482 
0.26 8.749597 0.8309793 
0.28 9.396379 0.8286252 
0.3 10.04377 0.8302731 
0.32 10.69256 0.8326271 
0.34 11.34358 0.834275 
0.36 11.99763 0.834275 
0.38 12.65556 0.8408663 
0.4 13.31826 0.8396893 
0.42 13.98664 0.8260358 
0.44 14.66166 0.8260358 
0.46 15.34435 0.8286252 
0.48 16.0358 0.8319209 
0.5 16.73721 0.835452 
0.54 18.17513 0.8396893 
0.58 19.67004 0.8427495 
0.62 21.23671 0.846516 
0.66 22.89411 0.8495763 
0.7 24.66748 0.8509887 
0.74 26.59191 0.8060264 
0.78 28.71872 0.8074388 
0.82 31.12816 0.7879002 
0.86 33.95775 0.7168079 
0.9 37.47748 0.7222222 
0.94 42.35756 0.6539548 
0.98 51.50706 0.6600753 
------------- glasso -------------
0.01 0.8458098 
0.02 0.8274482 
0.03 0.8328625 
0.04 0.8243879 
0.05 0.8246234 
0.06 0.8222693 
0.07 0.8236817 
0.08 0.8352166 
0.09 0.8286252 
0.1 0.8370998 
0.12 0.8469868 
0.14 0.8566384 
0.16 0.8295669 
0.18 0.8406309 
0.2 0.8446328 
0.22 0.8469868 
0.24 0.8281544 
0.26 0.8072034 
0.28 0.7879002 
0.3 0.7629473 
0.32 0.7163371 
0.34 0.6664313 
0.36 0.6457156 
0.38 0.645951 
0.4 0.6513653 
0.42 0.6577213 
0.44 0.6579567 
0.46 0.6567797 
0.48 0.6605461 
0.5 0.663371 
0.54 0.6388889 
0.58 0.5833333 
0.62 0.5555556 
0.66 0.5 
0.7 0.5 
0.74 0.5 
0.78 0.5 
------------- glassosf -------------
0.01 0.8493409 
0.02 0.8347458 
0.03 0.826742 
0.04 0.8281544 
0.05 0.8281544 
0.06 0.8352166 
0.07 0.8396893 
0.08 0.8486347 
0.09 0.8502825 
0.1 0.854049 
0.12 0.8420433 
0.14 0.8022599 
0.16 0.7653013 
0.18 0.6673729 
0.2 0.6466573 
0.22 0.6577213 
0.24 0.6581921 
0.26 0.663371 
0.28 0.6111111 
0.3 0.5833333 
0.32 0.5277778 
0.34 0.5 
0.36 0.5 
0.38 0.5 
0.4 0.5 
0.42 0.5 
0.44 0.5 
0.46 0.5 
0.48 0.5 
0.5 0.5 
0.54 0.5 
0.58 0.5 
0.62 0.5 
0.66 0.5 
0.7 0.5 
0.74 0.5 
0.78 0.5 
------------- pcacmi -------------
------------- space -------------
0.01 0.8429849 
0.02 0.8443974 
0.03 0.8406309 
0.04 0.8401601 
0.05 0.8361582 
0.06 0.8307439 
0.07 0.8314501 
0.08 0.8265066 
0.09 0.8302731 
0.1 0.8239171 
0.12 0.8253296 
0.14 0.8236817 
0.16 0.8262712 
0.18 0.8288606 
0.2 0.8272128 
0.22 0.8338041 
0.24 0.8338041 
0.26 0.8408663 
0.28 0.8234463 
0.3 0.8286252 
0.32 0.8326271 
0.34 0.8340395 
0.36 0.8375706 
0.38 0.8429849 
0.4 0.8418079 
0.42 0.8460452 
0.44 0.8467514 
0.46 0.8467514 
0.48 0.8505179 
0.5 0.8253296 
0.54 0.8032015 
0.58 0.7824859 
0.62 0.7857815 
0.66 0.7351695 
0.7 0.6640772 
0.74 0.6687853 
0.78 0.6485405 
0.82 0.6541902 
0.86 0.6541902 
0.9 0.6574859 
0.94 0.6574859 
0.98 0.6574859 
------------- BayesianGLasso -------------
------------- ena -------------
Constructing using GeneNet ... OK
Constructing using neighborhood selection ... OK
Constructing using GLASSO ... OK
Constructing using GLASSO-SF ... OK
Constructing using PCACMI ... OK
Constructing using SPACE ... OK
Constructing using BayesianGLasso ... OK
Ensembling network using ENA ... OK
Permutating ... OK
Calculating confidence ... OK
       GeneNet             NS         GLasso      GLasso-sf         PCACMI 
       0.50000        0.84146        0.78568        0.79974        0.89101 
         SPACE BayesianGLasso            ENA 
       0.77866        0.83333        0.86064 

i: 9; seed: 0
Working with data/temp/tiny.nSample100.sigma1.csv ...
=================================================

------------- GeneNet -------------
------------- NS -------------
0.01 0.3347942 0.6739642 
0.02 0.6664282 0.6796139 
0.03 0.9950959 0.6765537 
0.04 1.320981 0.6803202 
0.05 1.644256 0.6852637 
0.06 1.965088 0.6857345 
0.07 2.283633 0.6873823 
0.08 2.600042 0.6958569 
0.09 2.914457 0.701742 
0.1 3.227017 0.7022128 
0.12 3.847094 0.7003296 
0.14 4.461273 0.7083333 
0.16 5.070486 0.7168079 
0.18 5.675613 0.7201036 
0.2 6.277491 0.7269303 
0.22 6.876919 0.7346987 
0.24 7.474673 0.7379944 
0.26 8.071507 0.7474105 
0.28 8.668164 0.752354 
0.3 9.26538 0.7452919 
0.32 9.863895 0.7478814 
0.34 10.46445 0.7495292 
0.36 11.06782 0.7582392 
0.38 11.67476 0.7636535 
0.4 12.2861 0.76742 
0.42 12.90268 0.769774 
0.44 13.52539 0.7775424 
0.46 14.15517 0.7810734 
0.48 14.79304 0.7803672 
0.5 15.44008 0.7798964 
0.54 16.76657 0.7874294 
0.58 18.14562 0.7944915 
0.62 19.59087 0.797081 
0.66 21.11982 0.7848399 
0.7 22.75576 0.7683616 
0.74 24.53105 0.7700094 
0.78 26.49303 0.7751883 
0.82 28.71574 0.7601224 
0.86 31.32604 0.7671846 
0.9 34.57299 0.7259887 
0.94 39.07487 0.6810264 
0.98 47.51529 0.6443032 
------------- glasso -------------
0.01 0.7076271 
0.02 0.7222222 
0.03 0.7321092 
0.04 0.7457627 
0.05 0.7624765 
0.06 0.7704802 
0.07 0.7838983 
0.08 0.7813089 
0.09 0.7853107 
0.1 0.7886064 
0.12 0.7914313 
0.14 0.8083804 
0.16 0.8024953 
0.18 0.8140301 
0.2 0.818032 
0.22 0.8232109 
0.24 0.8215631 
0.26 0.8312147 
0.28 0.8039077 
0.3 0.8112053 
0.32 0.8126177 
0.34 0.7928437 
0.36 0.7725989 
0.38 0.6737288 
0.4 0.6765537 
0.42 0.6822034 
0.44 0.6315913 
0.46 0.6346516 
0.48 0.6370056 
0.5 0.6167608 
0.54 0.5998117 
0.58 0.6000471 
0.62 0.6035782 
0.66 0.5795669 
0.7 0.5555556 
0.74 0.5555556 
0.78 0.5555556 
------------- glassosf -------------
0.01 0.7120998 
0.02 0.7309322 
0.03 0.7337571 
0.04 0.7547081 
0.05 0.777307 
0.06 0.7721281 
0.07 0.7834275 
0.08 0.795904 
0.09 0.7996704 
0.1 0.8213277 
0.12 0.8194444 
0.14 0.826742 
0.16 0.8321563 
0.18 0.8375706 
0.2 0.7502354 
0.22 0.6774953 
0.24 0.6871469 
0.26 0.5899247 
0.28 0.5969868 
0.3 0.5995763 
0.32 0.6035782 
0.34 0.5833333 
0.36 0.5555556 
0.38 0.5555556 
0.4 0.5277778 
0.42 0.5277778 
0.44 0.5277778 
0.46 0.5277778 
0.48 0.5277778 
0.5 0.5277778 
0.54 0.5 
0.58 0.5 
0.62 0.5 
0.66 0.5 
0.7 0.5 
0.74 0.5 
0.78 0.5 
------------- pcacmi -------------
------------- space -------------
0.01 0.6749058 
0.02 0.6758475 
0.03 0.6836158 
0.04 0.6866761 
0.05 0.6899718 
0.06 0.6939736 
0.07 0.6998588 
0.08 0.7036252 
0.09 0.7003296 
0.1 0.7097458 
0.12 0.7168079 
0.14 0.7274011 
0.16 0.7405838 
0.18 0.7497646 
0.2 0.7608286 
0.22 0.7547081 
0.24 0.7627119 
0.26 0.7645951 
0.28 0.7723635 
0.3 0.7794256 
0.32 0.7777778 
0.34 0.7817797 
0.36 0.7874294 
0.38 0.7902542 
0.4 0.7951977 
0.42 0.7770716 
0.44 0.7643597 
0.46 0.76742 
0.48 0.7693032 
0.5 0.7728343 
0.54 0.7763653 
0.58 0.7838983 
0.62 0.7612994 
0.66 0.7657721 
0.7 0.7462335 
0.74 0.7231638 
0.78 0.6770245 
0.82 0.6275895 
0.86 0.6299435 
0.9 0.6330038 
0.94 0.6355932 
0.98 0.6414783 
------------- BayesianGLasso -------------
------------- ena -------------
Constructing using GeneNet ... OK
Constructing using neighborhood selection ... OK
Constructing using GLASSO ... OK
Constructing using GLASSO-SF ... OK
Constructing using PCACMI ... OK
Constructing using SPACE ... OK
Constructing using BayesianGLasso ... OK
Ensembling network using ENA ... OK
Permutating ... OK
Calculating confidence ... OK
       GeneNet             NS         GLasso      GLasso-sf         PCACMI 
       0.65066        0.80446        0.77668        0.77163        0.83663 
         SPACE BayesianGLasso            ENA 
       0.73474        0.79096        0.82957 

i: 10; seed: 0
Working with data/temp/tiny.nSample100.sigma1.csv ...
=================================================

------------- GeneNet -------------
------------- NS -------------
0.01 0.3633759 0.7163371 
0.02 0.7233219 0.7175141 
0.03 1.080048 0.7158663 
0.04 1.433754 0.7224576 
0.05 1.784628 0.7257533 
0.06 2.13285 0.7304614 
0.07 2.47859 0.7297552 
0.08 2.82201 0.7306968 
0.09 3.163268 0.730226 
0.1 3.502512 0.7368173 
0.12 4.175525 0.7222222 
0.14 4.842137 0.7304614 
0.16 5.503359 0.7281073 
0.18 6.160147 0.7330508 
0.2 6.813407 0.7361111 
0.22 7.46401 0.7356403 
0.24 8.112794 0.7311676 
0.26 8.760581 0.7208098 
0.28 9.408175 0.7257533 
0.3 10.05638 0.7255179 
0.32 10.70599 0.7311676 
0.34 11.35782 0.7299906 
0.36 12.01269 0.7368173 
0.38 12.67145 0.730226 
0.4 13.33498 0.7153955 
0.42 14.0042 0.7177495 
0.44 14.68007 0.7205744 
0.46 15.36361 0.7238701 
0.48 16.05593 0.7250471 
0.5 16.75822 0.7309322 
0.54 18.19795 0.7375235 
0.58 19.69473 0.7438795 
0.62 21.26337 0.7450565 
0.66 22.92285 0.752354 
0.7 24.69845 0.7384652 
0.74 26.6253 0.742467 
0.78 28.75477 0.7243409 
0.82 31.16724 0.710452 
0.86 34.00038 0.6963277 
0.9 37.52452 0.6753766 
0.94 42.41073 0.6282957 
0.98 51.57172 0.5948682 
------------- glasso -------------
0.01 0.7516478 
0.02 0.7561205 
0.03 0.7544727 
0.04 0.7483522 
0.05 0.7525895 
0.06 0.7462335 
0.07 0.7537665 
0.08 0.7577684 
0.09 0.7469397 
0.1 0.742467 
0.12 0.7384652 
0.14 0.7542373 
0.16 0.7622411 
0.18 0.7758945 
0.2 0.7605932 
0.22 0.7695386 
0.24 0.75 
0.26 0.7570621 
0.28 0.7330508 
0.3 0.7509416 
0.32 0.6953861 
0.34 0.7076271 
0.36 0.7066855 
0.38 0.6565443 
0.4 0.6666667 
0.42 0.6417137 
0.44 0.6198211 
0.46 0.596516 
0.48 0.5955744 
0.5 0.5993409 
0.54 0.5720339 
0.58 0.5555556 
0.62 0.5555556 
0.66 0.5555556 
0.7 0.5555556 
0.74 0.5277778 
0.78 0.5277778 
------------- glassosf -------------
0.01 0.7516478 
0.02 0.7540019 
0.03 0.7528249 
0.04 0.7561205 
0.05 0.7572976 
0.06 0.7483522 
0.07 0.7485876 
0.08 0.7438795 
0.09 0.7568267 
0.1 0.7671846 
0.12 0.7584746 
0.14 0.7589454 
0.16 0.747646 
0.18 0.711629 
0.2 0.6883239 
0.22 0.643597 
0.24 0.6235876 
0.26 0.6005179 
0.28 0.6073446 
0.3 0.5555556 
0.32 0.5555556 
0.34 0.5555556 
0.36 0.5555556 
0.38 0.5277778 
0.4 0.5277778 
0.42 0.5277778 
0.44 0.5 
0.46 0.5 
0.48 0.5 
0.5 0.5 
0.54 0.5 
0.58 0.5 
0.62 0.5 
0.66 0.5 
0.7 0.5 
0.74 0.5 
0.78 0.5 
------------- pcacmi -------------
------------- space -------------
0.01 0.7130414 
0.02 0.7163371 
0.03 0.721516 
0.04 0.7248117 
0.05 0.730226 
0.06 0.7311676 
0.07 0.7309322 
0.08 0.7281073 
0.09 0.7297552 
0.1 0.7323446 
0.12 0.7346987 
0.14 0.7346987 
0.16 0.7445857 
0.18 0.7224576 
0.2 0.7236347 
0.22 0.7309322 
0.24 0.7387006 
0.26 0.7250471 
0.28 0.7285782 
0.3 0.7332863 
0.32 0.7243409 
0.34 0.7295198 
0.36 0.73258 
0.38 0.7349341 
0.4 0.7408192 
0.42 0.7457627 
0.44 0.7516478 
0.46 0.73258 
0.48 0.7384652 
0.5 0.7419962 
0.54 0.6989171 
0.58 0.7064501 
0.62 0.7109228 
0.66 0.7158663 
0.7 0.6963277 
0.74 0.6749058 
0.78 0.6782015 
0.82 0.683145 
0.86 0.6073446 
0.9 0.5880414 
0.94 0.5946328 
0.98 0.5677966 
------------- BayesianGLasso -------------
------------- ena -------------
Constructing using GeneNet ... OK
Constructing using neighborhood selection ... OK
Constructing using GLASSO ... OK
Constructing using GLASSO-SF ... OK
Constructing using PCACMI ... OK
Constructing using SPACE ... OK
Constructing using BayesianGLasso ... OK
Ensembling network using ENA ... OK
Permutating ... OK
Calculating confidence ... OK
       GeneNet             NS         GLasso      GLasso-sf         PCACMI 
       0.54284        0.78546        0.73166        0.72464        0.78107 
         SPACE BayesianGLasso            ENA 
       0.72552        0.73093        0.74882 

