WARNING: ignoring environment value of R_HOME
$noise
[1] 0.5

$plot
[1] TRUE

$rounds
[1] 10

$samp
[1] 200

$seed
[1] 0

$simu
[1] "ggm"

$size
[1] "tiny"

$verbose
[1] TRUE

i: 1; seed: 0
Working with data/temp/tiny.nSample200.sigma0.5.csv ...
=================================================

------------- GeneNet -------------
------------- NS -------------
0.01 0.4032075 0.9548023 
0.02 0.8026092 0.9552731 
0.03 1.198438 0.9573917 
0.04 1.590916 0.9602166 
0.05 1.980251 0.959275 
0.06 2.366643 0.960452 
0.07 2.750281 0.9630414 
0.08 3.131346 0.9656309 
0.09 3.510011 0.9644539 
0.1 3.886441 0.961629 
0.12 4.633227 0.9653955 
0.14 5.372909 0.9656309 
0.16 6.106612 0.9670433 
0.18 6.835394 0.9705744 
0.2 7.560262 0.969162 
0.22 8.282181 0.9670433 
0.24 9.002082 0.9701036 
0.26 9.720875 0.972693 
0.28 10.43946 0.972693 
0.3 11.15871 0.9752825 
0.32 11.87953 0.9722222 
0.34 12.60281 0.9748117 
0.36 13.32947 0.9771657 
0.38 14.06044 0.9778719 
0.4 14.7967 0.9781073 
0.42 15.53927 0.9788136 
0.44 16.28923 0.9806968 
0.46 17.0477 0.981403 
0.48 17.81591 0.9811676 
0.5 18.59518 0.9795198 
0.54 20.19272 0.9804614 
0.58 21.85358 0.9830508 
0.62 23.59416 0.9816384 
0.66 25.43554 0.9839925 
0.7 27.40578 0.9597458 
0.74 29.54384 0.9606874 
0.78 31.90674 0.961629 
0.82 34.58365 0.9362053 
0.86 37.72734 0.9364407 
0.9 41.63779 0.9369115 
0.94 47.0596 0.9380885 
0.98 57.22478 0.8571092 
------------- glasso -------------
0.01 0.9701036 
0.02 0.9757533 
0.03 0.9774011 
0.04 0.9811676 
0.05 0.9809322 
0.06 0.9828154 
0.07 0.9835217 
0.08 0.9830508 
0.09 0.9849341 
0.1 0.9839925 
0.12 0.9830508 
0.14 0.9835217 
0.16 0.9835217 
0.18 0.9580979 
0.2 0.9580979 
0.22 0.959275 
0.24 0.9333804 
0.26 0.9312618 
0.28 0.8792373 
0.3 0.8526365 
0.32 0.8521657 
0.34 0.8013183 
0.36 0.8034369 
0.38 0.7751883 
0.4 0.6944444 
0.42 0.6944444 
0.44 0.6944444 
0.46 0.6944444 
0.48 0.6388889 
0.5 0.6111111 
0.54 0.5833333 
0.58 0.5555556 
0.62 0.5 
0.66 0.5 
0.7 0.5 
0.74 0.5 
0.78 0.5 
------------- glassosf -------------
0.01 0.9693974 
0.02 0.9771657 
0.03 0.9797552 
0.04 0.98258 
0.05 0.9830508 
0.06 0.9856403 
0.07 0.9863465 
0.08 0.9870527 
0.09 0.9870527 
0.1 0.9854049 
0.12 0.9606874 
0.14 0.9585687 
0.16 0.8507533 
0.18 0.8298023 
0.2 0.747646 
0.22 0.7222222 
0.24 0.6666667 
0.26 0.6111111 
0.28 0.5833333 
0.3 0.5277778 
0.32 0.5 
0.34 0.5 
0.36 0.5 
0.38 0.5 
0.4 0.5 
0.42 0.5 
0.44 0.5 
0.46 0.5 
0.48 0.5 
0.5 0.5 
0.54 0.5 
0.58 0.5 
0.62 0.5 
0.66 0.5 
0.7 0.5 
0.74 0.5 
0.78 0.5 
------------- pcacmi -------------
------------- space -------------
0.01 0.9564501 
0.02 0.9590395 
0.03 0.9646893 
0.04 0.9665725 
0.05 0.9677495 
0.06 0.9677495 
0.07 0.9670433 
0.08 0.9705744 
0.09 0.9743409 
0.1 0.9781073 
0.12 0.9759887 
0.14 0.9799906 
0.16 0.9804614 
0.18 0.9823446 
0.2 0.9823446 
0.22 0.98258 
0.24 0.98258 
0.26 0.9606874 
0.28 0.9602166 
0.3 0.960452 
0.32 0.9359699 
0.34 0.9359699 
0.36 0.9373823 
0.38 0.9373823 
0.4 0.9378531 
0.42 0.9359699 
0.44 0.9371469 
0.46 0.9364407 
0.48 0.9371469 
0.5 0.9364407 
0.54 0.88371 
0.58 0.8568738 
0.62 0.8592279 
0.66 0.8034369 
0.7 0.75 
0.74 0.75 
0.78 0.75 
0.82 0.7222222 
0.86 0.6944444 
0.9 0.6944444 
0.94 0.6666667 
0.98 0.6388889 
------------- BayesianGLasso -------------
------------- ena -------------
Constructing using GeneNet ... OK
Constructing using neighborhood selection ... OK
Constructing using GLASSO ... OK
Constructing using GLASSO-SF ... OK
Constructing using PCACMI ... OK
Constructing using SPACE ... OK
Constructing using BayesianGLasso ... OK
Ensembling network using ENA ... OK
Permutating ... OK
Calculating confidence ... OK
       GeneNet             NS         GLasso      GLasso-sf         PCACMI 
       0.83192        0.97980        0.91129        0.91063        0.98352 
         SPACE BayesianGLasso            ENA 
       0.92710        0.96846        0.98564 

i: 2; seed: 0
Working with data/temp/tiny.nSample200.sigma0.5.csv ...
=================================================

------------- GeneNet -------------
------------- NS -------------
0.01 0.4473209 0.9781073 
0.02 0.8904196 0.9797552 
0.03 1.329555 0.980226 
0.04 1.764972 0.9811676 
0.05 2.196903 0.9816384 
0.06 2.625569 0.9821092 
0.07 3.051179 0.9823446 
0.08 3.473935 0.98258 
0.09 3.894028 0.9832863 
0.1 4.311642 0.9837571 
0.12 5.140131 0.9842279 
0.14 5.960739 0.9844633 
0.16 6.774713 0.9861111 
0.18 7.583228 0.9861111 
0.2 8.387401 0.9879944 
0.22 9.188302 0.9891714 
0.24 9.986965 0.990113 
0.26 10.7844 0.9905838 
0.28 11.5816 0.9905838 
0.3 12.37954 0.9910546 
0.32 13.17922 0.9915254 
0.34 13.98163 0.9917608 
0.36 14.78779 0.9922316 
0.38 15.59874 0.992467 
0.4 16.41555 0.9919962 
0.42 17.23937 0.9922316 
0.44 18.07137 0.9922316 
0.46 18.91282 0.992467 
0.48 19.76508 0.9927024 
0.5 20.62961 0.992467 
0.54 22.40193 0.9948211 
0.58 24.24449 0.9952919 
0.62 26.1755 0.9934087 
0.66 28.21835 0.9952919 
0.7 30.40414 0.9952919 
0.74 32.77612 0.9952919 
0.78 35.39753 0.9955273 
0.82 38.36731 0.9959981 
0.86 41.85495 0.9955273 
0.9 46.19322 0.9957627 
0.94 52.20821 0.9952919 
0.98 63.48552 0.9686911 
------------- glasso -------------
0.01 0.9851695 
0.02 0.9879944 
0.03 0.988936 
0.04 0.9910546 
0.05 0.9922316 
0.06 0.9929379 
0.07 0.9922316 
0.08 0.9929379 
0.09 0.9934087 
0.1 0.9945857 
0.12 0.9943503 
0.14 0.9934087 
0.16 0.9943503 
0.18 0.9938795 
0.2 0.9938795 
0.22 0.9934087 
0.24 0.992467 
0.26 0.9903484 
0.28 0.9910546 
0.3 0.9896422 
0.32 0.9630414 
0.34 0.9639831 
0.36 0.9620998 
0.38 0.9357345 
0.4 0.9091337 
0.42 0.9091337 
0.44 0.9093691 
0.46 0.8281544 
0.48 0.8300377 
0.5 0.8020245 
0.54 0.691855 
0.58 0.6666667 
0.62 0.5555556 
0.66 0.5277778 
0.7 0.5 
0.74 0.5 
0.78 0.5 
------------- glassosf -------------
0.01 0.9844633 
0.02 0.9875235 
0.03 0.9910546 
0.04 0.9919962 
0.05 0.9929379 
0.06 0.9929379 
0.07 0.9938795 
0.08 0.9950565 
0.09 0.9950565 
0.1 0.9955273 
0.12 0.9943503 
0.14 0.9938795 
0.16 0.9941149 
0.18 0.9917608 
0.2 0.9635122 
0.22 0.9096045 
0.24 0.8851224 
0.26 0.8302731 
0.28 0.7193974 
0.3 0.6666667 
0.32 0.5555556 
0.34 0.5277778 
0.36 0.5 
0.38 0.5 
0.4 0.5 
0.42 0.5 
0.44 0.5 
0.46 0.5 
0.48 0.5 
0.5 0.5 
0.54 0.5 
0.58 0.5 
0.62 0.5 
0.66 0.5 
0.7 0.5 
0.74 0.5 
0.78 0.5 
------------- pcacmi -------------
------------- space -------------
0.01 0.9797552 
0.02 0.981403 
0.03 0.98258 
0.04 0.9830508 
0.05 0.9842279 
0.06 0.9846987 
0.07 0.9865819 
0.08 0.9882298 
0.09 0.9898776 
0.1 0.9905838 
0.12 0.99129 
0.14 0.99129 
0.16 0.9919962 
0.18 0.9934087 
0.2 0.9948211 
0.22 0.9950565 
0.24 0.9959981 
0.26 0.9952919 
0.28 0.9962335 
0.3 0.9959981 
0.32 0.9962335 
0.34 0.9959981 
0.36 0.9957627 
0.38 0.9957627 
0.4 0.9948211 
0.42 0.9948211 
0.44 0.9952919 
0.46 0.9945857 
0.48 0.9948211 
0.5 0.9948211 
0.54 0.9952919 
0.58 0.9686911 
0.62 0.9682203 
0.66 0.9679849 
0.7 0.9682203 
0.74 0.9138418 
0.78 0.9138418 
0.82 0.9143126 
0.86 0.8865348 
0.9 0.8589925 
0.94 0.8039077 
0.98 0.8039077 
------------- BayesianGLasso -------------
------------- ena -------------
Constructing using GeneNet ... OK
Constructing using neighborhood selection ... OK
Constructing using GLASSO ... OK
Constructing using GLASSO-SF ... OK
Constructing using PCACMI ... OK
Constructing using SPACE ... OK
Constructing using BayesianGLasso ... OK
Ensembling network using ENA ... OK
Permutating ... OK
Calculating confidence ... OK
       GeneNet             NS         GLasso      GLasso-sf         PCACMI 
       0.85946        0.97233        0.91634        0.91744        0.98799 
         SPACE BayesianGLasso            ENA 
       0.94433        0.98870        0.99459 

i: 3; seed: 0
Working with data/temp/tiny.nSample200.sigma0.5.csv ...
=================================================

------------- GeneNet -------------
------------- NS -------------
0.01 0.4240005 0.9387947 
0.02 0.8439988 0.9362053 
0.03 1.260241 0.9380885 
0.04 1.672958 0.9329096 
0.05 2.082371 0.9329096 
0.06 2.488688 0.9336158 
0.07 2.89211 0.9347928 
0.08 3.292826 0.9352637 
0.09 3.691018 0.9357345 
0.1 4.08686 0.9359699 
0.12 4.872158 0.9369115 
0.14 5.649984 0.9402072 
0.16 6.421523 0.941855 
0.18 7.187887 0.943032 
0.2 7.950136 0.9451507 
0.22 8.709283 0.9456215 
0.24 9.466309 0.9472693 
0.26 10.22217 0.9482109 
0.28 10.97781 0.9489171 
0.3 11.73415 0.9491525 
0.32 12.49214 0.950565 
0.34 13.25272 0.9512712 
0.36 14.01685 0.951742 
0.38 14.78552 0.9522128 
0.4 15.55975 0.9526836 
0.42 16.34062 0.952919 
0.44 17.12925 0.9533898 
0.46 17.92683 0.9543315 
0.48 18.73466 0.9548023 
0.5 19.55411 0.9555085 
0.54 21.23404 0.9569209 
0.58 22.98054 0.959275 
0.62 24.81088 0.9597458 
0.66 26.74723 0.9597458 
0.7 28.81907 0.9602166 
0.74 31.06738 0.9597458 
0.78 33.55213 0.9588041 
0.82 36.36709 0.960452 
0.86 39.6729 0.9599812 
0.9 43.785 0.9347928 
0.94 49.48641 0.9081921 
0.98 60.1758 0.8811205 
------------- glasso -------------
0.01 0.9340866 
0.02 0.9369115 
0.03 0.9427966 
0.04 0.9465631 
0.05 0.9475047 
0.06 0.9500942 
0.07 0.9477401 
0.08 0.9498588 
0.09 0.9510358 
0.1 0.9519774 
0.12 0.9519774 
0.14 0.9536252 
0.16 0.9524482 
0.18 0.9512712 
0.2 0.9533898 
0.22 0.9510358 
0.24 0.9479755 
0.26 0.9479755 
0.28 0.9239642 
0.3 0.923258 
0.32 0.8731168 
0.34 0.8752354 
0.36 0.8771186 
0.38 0.8521657 
0.4 0.8246234 
0.42 0.8258004 
0.44 0.7999058 
0.46 0.8015537 
0.48 0.7999058 
0.5 0.8032015 
0.54 0.6944444 
0.58 0.6666667 
0.62 0.6111111 
0.66 0.5555556 
0.7 0.5277778 
0.74 0.5 
0.78 0.5 
------------- glassosf -------------
0.01 0.9314972 
0.02 0.9359699 
0.03 0.941855 
0.04 0.9456215 
0.05 0.9477401 
0.06 0.9510358 
0.07 0.9708098 
0.08 0.9731638 
0.09 0.9750471 
0.1 0.9771657 
0.12 0.9776365 
0.14 0.9764595 
0.16 0.950565 
0.18 0.950565 
0.2 0.903484 
0.22 0.8236817 
0.24 0.8010829 
0.26 0.7452919 
0.28 0.7222222 
0.3 0.6944444 
0.32 0.6388889 
0.34 0.5277778 
0.36 0.5277778 
0.38 0.5 
0.4 0.5 
0.42 0.5 
0.44 0.5 
0.46 0.5 
0.48 0.5 
0.5 0.5 
0.54 0.5 
0.58 0.5 
0.62 0.5 
0.66 0.5 
0.7 0.5 
0.74 0.5 
0.78 0.5 
------------- pcacmi -------------
------------- space -------------
0.01 0.9362053 
0.02 0.9312618 
0.03 0.9336158 
0.04 0.9347928 
0.05 0.9369115 
0.06 0.9404426 
0.07 0.9432674 
0.08 0.9463277 
0.09 0.9475047 
0.1 0.9493879 
0.12 0.9508004 
0.14 0.9519774 
0.16 0.9538606 
0.18 0.9545669 
0.2 0.9564501 
0.22 0.9578625 
0.24 0.9590395 
0.26 0.9585687 
0.28 0.9595104 
0.3 0.9583333 
0.32 0.9599812 
0.34 0.9583333 
0.36 0.9595104 
0.38 0.9585687 
0.4 0.9585687 
0.42 0.9336158 
0.44 0.933145 
0.46 0.9336158 
0.48 0.9084275 
0.5 0.9072505 
0.54 0.882533 
0.58 0.882533 
0.62 0.88371 
0.66 0.8834746 
0.7 0.8582863 
0.74 0.8594633 
0.78 0.8316855 
0.82 0.8316855 
0.86 0.8055556 
0.9 0.8055556 
0.94 0.8055556 
0.98 0.7777778 
------------- BayesianGLasso -------------
------------- ena -------------
Constructing using GeneNet ... OK
Constructing using neighborhood selection ... OK
Constructing using GLASSO ... OK
Constructing using GLASSO-SF ... OK
Constructing using PCACMI ... OK
Constructing using SPACE ... OK
Constructing using BayesianGLasso ... OK
Ensembling network using ENA ... OK
Permutating ... OK
Calculating confidence ... OK
       GeneNet             NS         GLasso      GLasso-sf         PCACMI 
       0.82250        0.92007        0.86715        0.87791        0.95857 
         SPACE BayesianGLasso            ENA 
       0.89581        0.93809        0.96610 

i: 4; seed: 0
Working with data/temp/tiny.nSample200.sigma0.5.csv ...
=================================================

------------- GeneNet -------------
------------- NS -------------
0.01 0.3639446 0.9079567 
0.02 0.7244539 0.9112524 
0.03 1.081739 0.9056026 
0.04 1.435998 0.9077213 
0.05 1.787421 0.9011299 
0.06 2.136188 0.9051318 
0.07 2.482469 0.9088983 
0.08 2.826427 0.9103107 
0.09 3.168218 0.9084275 
0.1 3.507993 0.9041902 
0.12 4.18206 0.9091337 
0.14 4.849714 0.9131356 
0.16 5.511971 0.9140772 
0.18 6.169787 0.9190207 
0.2 6.82407 0.920904 
0.22 7.475691 0.9183145 
0.24 8.125491 0.9213748 
0.26 8.774291 0.923258 
0.28 9.422898 0.9237288 
0.3 10.07211 0.9274953 
0.32 10.72274 0.9265537 
0.34 11.37559 0.9291431 
0.36 12.03149 0.9274953 
0.38 12.69128 0.9303202 
0.4 13.35585 0.9326742 
0.42 14.02611 0.9312618 
0.44 14.70304 0.9324388 
0.46 15.38766 0.9378531 
0.48 16.08106 0.9402072 
0.5 16.78444 0.9423258 
0.54 18.22643 0.9213748 
0.58 19.72555 0.922081 
0.62 21.29664 0.9004237 
0.66 22.95872 0.9037194 
0.7 24.7371 0.904661 
0.74 26.66696 0.9044256 
0.78 28.79977 0.9056026 
0.82 31.21601 0.9053672 
0.86 34.05359 0.8808851 
0.9 37.58325 0.8827684 
0.94 42.4771 0.8844162 
0.98 51.65243 0.8594633 
------------- glasso -------------
0.01 0.9204331 
0.02 0.9129002 
0.03 0.9216102 
0.04 0.9282015 
0.05 0.9272599 
0.06 0.9333804 
0.07 0.9326742 
0.08 0.9371469 
0.09 0.9340866 
0.1 0.9369115 
0.12 0.9173729 
0.14 0.8961864 
0.16 0.8987759 
0.18 0.9008945 
0.2 0.9011299 
0.22 0.904661 
0.24 0.8782957 
0.26 0.8535782 
0.28 0.8547552 
0.3 0.8556968 
0.32 0.8556968 
0.34 0.8554614 
0.36 0.8286252 
0.38 0.8013183 
0.4 0.7186911 
0.42 0.7179849 
0.44 0.690678 
0.46 0.663371 
0.48 0.6078154 
0.5 0.6111111 
0.54 0.5833333 
0.58 0.5555556 
0.62 0.5555556 
0.66 0.5277778 
0.7 0.5277778 
0.74 0.5 
0.78 0.5 
------------- glassosf -------------
0.01 0.9192561 
0.02 0.9150188 
0.03 0.9234934 
0.04 0.9305556 
0.05 0.9347928 
0.06 0.9387947 
0.07 0.9371469 
0.08 0.9164313 
0.09 0.8957156 
0.1 0.9004237 
0.12 0.9025424 
0.14 0.8790019 
0.16 0.8573446 
0.18 0.8288606 
0.2 0.7747175 
0.22 0.7737759 
0.24 0.6629002 
0.26 0.5833333 
0.28 0.5833333 
0.3 0.5555556 
0.32 0.5555556 
0.34 0.5277778 
0.36 0.5277778 
0.38 0.5 
0.4 0.5 
0.42 0.5 
0.44 0.5 
0.46 0.5 
0.48 0.5 
0.5 0.5 
0.54 0.5 
0.58 0.5 
0.62 0.5 
0.66 0.5 
0.7 0.5 
0.74 0.5 
0.78 0.5 
------------- pcacmi -------------
------------- space -------------
0.01 0.9079567 
0.02 0.9091337 
0.03 0.9048964 
0.04 0.9105461 
0.05 0.9065443 
0.06 0.9147834 
0.07 0.9143126 
0.08 0.9201977 
0.09 0.9270245 
0.1 0.9197269 
0.12 0.9263183 
0.14 0.9312618 
0.16 0.9143126 
0.18 0.9171375 
0.2 0.8940678 
0.22 0.8997175 
0.24 0.9030132 
0.26 0.905838 
0.28 0.9051318 
0.3 0.9072505 
0.32 0.9067797 
0.34 0.9074859 
0.36 0.9086629 
0.38 0.9096045 
0.4 0.884887 
0.42 0.8844162 
0.44 0.8853578 
0.46 0.8851224 
0.48 0.8855932 
0.5 0.85758 
0.54 0.8587571 
0.58 0.8585217 
0.62 0.8309793 
0.66 0.8307439 
0.7 0.7754237 
0.74 0.7754237 
0.78 0.7474105 
0.82 0.6944444 
0.86 0.6666667 
0.9 0.6666667 
0.94 0.6666667 
0.98 0.6111111 
------------- BayesianGLasso -------------
------------- ena -------------
Constructing using GeneNet ... OK
Constructing using neighborhood selection ... OK
Constructing using GLASSO ... OK
Constructing using GLASSO-SF ... OK
Constructing using PCACMI ... OK
Constructing using SPACE ... OK
Constructing using BayesianGLasso ... OK
Ensembling network using ENA ... OK
Permutating ... OK
Calculating confidence ... OK
       GeneNet             NS         GLasso      GLasso-sf         PCACMI 
       0.63889        0.92556        0.85112        0.85332        0.88724 
         SPACE BayesianGLasso            ENA 
       0.86550        0.90395        0.92797 

i: 5; seed: 0
Working with data/temp/tiny.nSample200.sigma0.5.csv ...
=================================================

------------- GeneNet -------------
------------- NS -------------
0.01 0.382469 0.9663371 
0.02 0.7613279 0.9656309 
0.03 1.136798 0.9675141 
0.04 1.509089 0.9679849 
0.05 1.878399 0.9693974 
0.06 2.244918 0.9686911 
0.07 2.608824 0.9679849 
0.08 2.970289 0.9682203 
0.09 3.329478 0.9701036 
0.1 3.686546 0.9717514 
0.12 4.394923 0.9719868 
0.14 5.09656 0.9708098 
0.16 5.792525 0.9719868 
0.18 6.483823 0.972693 
0.2 7.171409 0.9755179 
0.22 7.856196 0.9769303 
0.24 8.53907 0.9778719 
0.26 9.220894 0.9748117 
0.28 9.902514 0.9762241 
0.3 10.58478 0.9778719 
0.32 11.26852 0.979049 
0.34 11.9546 0.9757533 
0.36 12.64388 0.9776365 
0.38 13.33726 0.9783427 
0.4 14.03565 0.9792844 
0.42 14.74003 0.9788136 
0.44 15.45141 0.9781073 
0.46 16.17087 0.979049 
0.48 16.89957 0.9806968 
0.5 17.63876 0.9797552 
0.54 19.15413 0.9797552 
0.58 20.72956 0.9809322 
0.62 22.38062 0.9821092 
0.66 24.1273 0.9832863 
0.7 25.9962 0.9595104 
0.74 28.02429 0.9336158 
0.78 30.26565 0.9366761 
0.82 32.80488 0.9371469 
0.86 35.78688 0.9373823 
0.9 39.4962 0.9378531 
0.94 44.63915 0.8853578 
0.98 54.28149 0.8870056 
------------- glasso -------------
0.01 0.9774011 
0.02 0.9795198 
0.03 0.9809322 
0.04 0.9818738 
0.05 0.9830508 
0.06 0.9842279 
0.07 0.9839925 
0.08 0.9832863 
0.09 0.981403 
0.1 0.9828154 
0.12 0.9795198 
0.14 0.9552731 
0.16 0.9566855 
0.18 0.954096 
0.2 0.9265537 
0.22 0.876177 
0.24 0.8771186 
0.26 0.8792373 
0.28 0.8797081 
0.3 0.8250942 
0.32 0.8260358 
0.34 0.7987288 
0.36 0.8003766 
0.38 0.7457627 
0.4 0.7448211 
0.42 0.7222222 
0.44 0.6944444 
0.46 0.6666667 
0.48 0.6666667 
0.5 0.6666667 
0.54 0.6388889 
0.58 0.5833333 
0.62 0.5277778 
0.66 0.5 
0.7 0.5 
0.74 0.5 
0.78 0.5 
------------- glassosf -------------
0.01 0.9774011 
0.02 0.981403 
0.03 0.9828154 
0.04 0.9851695 
0.05 0.9849341 
0.06 0.9858757 
0.07 0.9846987 
0.08 0.9821092 
0.09 0.9597458 
0.1 0.9583333 
0.12 0.930791 
0.14 0.8792373 
0.16 0.8524011 
0.18 0.799435 
0.2 0.7735405 
0.22 0.7457627 
0.24 0.7222222 
0.26 0.6666667 
0.28 0.6388889 
0.3 0.5833333 
0.32 0.5 
0.34 0.5 
0.36 0.5 
0.38 0.5 
0.4 0.5 
0.42 0.5 
0.44 0.5 
0.46 0.5 
0.48 0.5 
0.5 0.5 
0.54 0.5 
0.58 0.5 
0.62 0.5 
0.66 0.5 
0.7 0.5 
0.74 0.5 
0.78 0.5 
------------- pcacmi -------------
------------- space -------------
0.01 0.9668079 
0.02 0.9661017 
0.03 0.9682203 
0.04 0.9724576 
0.05 0.9729284 
0.06 0.9738701 
0.07 0.9736347 
0.08 0.9771657 
0.09 0.9776365 
0.1 0.9766949 
0.12 0.9776365 
0.14 0.9795198 
0.16 0.9769303 
0.18 0.9792844 
0.2 0.980226 
0.22 0.9806968 
0.24 0.9816384 
0.26 0.9329096 
0.28 0.9338512 
0.3 0.9347928 
0.32 0.9347928 
0.34 0.9357345 
0.36 0.9362053 
0.38 0.9357345 
0.4 0.9366761 
0.42 0.9371469 
0.44 0.88371 
0.46 0.8832392 
0.48 0.8839454 
0.5 0.8844162 
0.54 0.8851224 
0.58 0.85758 
0.62 0.8312147 
0.66 0.8034369 
0.7 0.7756591 
0.74 0.75 
0.78 0.6944444 
0.82 0.6944444 
0.86 0.6944444 
0.9 0.6666667 
0.94 0.6666667 
0.98 0.6666667 
------------- BayesianGLasso -------------
------------- ena -------------
Constructing using GeneNet ... OK
Constructing using neighborhood selection ... OK
Constructing using GLASSO ... OK
Constructing using GLASSO-SF ... OK
Constructing using PCACMI ... OK
Constructing using SPACE ... OK
Constructing using BayesianGLasso ... OK
Ensembling network using ENA ... OK
Permutating ... OK
Calculating confidence ... OK
       GeneNet             NS         GLasso      GLasso-sf         PCACMI 
       0.90254        0.97892        0.89833        0.90119        0.94586 
         SPACE BayesianGLasso            ENA 
       0.92534        0.97175        0.97905 

i: 6; seed: 0
Working with data/temp/tiny.nSample200.sigma0.5.csv ...
=================================================

------------- GeneNet -------------
------------- NS -------------
0.01 0.411981 0.9322034 
0.02 0.8200732 0.9357345 
0.03 1.224515 0.9371469 
0.04 1.625533 0.9413842 
0.05 2.02334 0.9420904 
0.06 2.418139 0.9432674 
0.07 2.810125 0.9456215 
0.08 3.199482 0.9526836 
0.09 3.586386 0.9557439 
0.1 3.971006 0.9559793 
0.12 4.734042 0.9611582 
0.14 5.489819 0.962806 
0.16 6.239486 0.9665725 
0.18 6.984126 0.9705744 
0.2 7.724766 0.9672787 
0.22 8.462393 0.9705744 
0.24 9.197959 0.9741055 
0.26 9.932393 0.9764595 
0.28 10.66661 0.9764595 
0.3 11.40151 0.9764595 
0.32 12.13802 0.9776365 
0.34 12.87703 0.9804614 
0.36 13.6195 0.979049 
0.38 14.36638 0.9783427 
0.4 15.11866 0.9799906 
0.42 15.87739 0.9816384 
0.44 16.64367 0.9835217 
0.46 17.41864 0.9832863 
0.48 18.20357 0.9842279 
0.5 18.99979 0.9854049 
0.54 20.6321 0.9642185 
0.58 22.32909 0.9651601 
0.62 24.10755 0.9656309 
0.66 25.989 0.9668079 
0.7 28.00211 0.9668079 
0.74 30.18669 0.9679849 
0.78 32.601 0.9670433 
0.82 35.33616 0.9668079 
0.86 38.54826 0.9416196 
0.9 42.54379 0.9425612 
0.94 48.08358 0.9437382 
0.98 58.46994 0.8611111 
------------- glasso -------------
0.01 0.9665725 
0.02 0.9804614 
0.03 0.9854049 
0.04 0.988936 
0.05 0.9894068 
0.06 0.9919962 
0.07 0.9915254 
0.08 0.9931733 
0.09 0.9943503 
0.1 0.9950565 
0.12 0.9938795 
0.14 0.9941149 
0.16 0.9929379 
0.18 0.992467 
0.2 0.9402072 
0.22 0.9420904 
0.24 0.9159605 
0.26 0.9166667 
0.28 0.8611111 
0.3 0.8333333 
0.32 0.8333333 
0.34 0.7222222 
0.36 0.6944444 
0.38 0.6388889 
0.4 0.6388889 
0.42 0.6388889 
0.44 0.5833333 
0.46 0.5833333 
0.48 0.5555556 
0.5 0.5277778 
0.54 0.5277778 
0.58 0.5277778 
0.62 0.5 
0.66 0.5 
0.7 0.5 
0.74 0.5 
0.78 0.5 
------------- glassosf -------------
0.01 0.9642185 
0.02 0.9799906 
0.03 0.9877589 
0.04 0.9919962 
0.05 0.9934087 
0.06 0.9967043 
0.07 0.9981168 
0.08 0.9969397 
0.09 0.9971751 
0.1 0.997646 
0.12 0.9967043 
0.14 0.9166667 
0.16 0.8611111 
0.18 0.75 
0.2 0.6388889 
0.22 0.6111111 
0.24 0.5833333 
0.26 0.5277778 
0.28 0.5277778 
0.3 0.5 
0.32 0.5 
0.34 0.5 
0.36 0.5 
0.38 0.5 
0.4 0.5 
0.42 0.5 
0.44 0.5 
0.46 0.5 
0.48 0.5 
0.5 0.5 
0.54 0.5 
0.58 0.5 
0.62 0.5 
0.66 0.5 
0.7 0.5 
0.74 0.5 
0.78 0.5 
------------- pcacmi -------------
------------- space -------------
0.01 0.9338512 
0.02 0.9425612 
0.03 0.9508004 
0.04 0.9580979 
0.05 0.961629 
0.06 0.9677495 
0.07 0.970339 
0.08 0.9743409 
0.09 0.9781073 
0.1 0.9783427 
0.12 0.9830508 
0.14 0.9830508 
0.16 0.9861111 
0.18 0.9872881 
0.2 0.9870527 
0.22 0.9898776 
0.24 0.9910546 
0.26 0.9668079 
0.28 0.9677495 
0.3 0.9684557 
0.32 0.9682203 
0.34 0.9682203 
0.36 0.9693974 
0.38 0.9420904 
0.4 0.9423258 
0.42 0.9432674 
0.44 0.943032 
0.46 0.9159605 
0.48 0.9166667 
0.5 0.9166667 
0.54 0.8888889 
0.58 0.8333333 
0.62 0.8055556 
0.66 0.7777778 
0.7 0.6944444 
0.74 0.6666667 
0.78 0.6388889 
0.82 0.6388889 
0.86 0.6388889 
0.9 0.5833333 
0.94 0.5833333 
0.98 0.5833333 
------------- BayesianGLasso -------------
------------- ena -------------
Constructing using GeneNet ... OK
Constructing using neighborhood selection ... OK
Constructing using GLASSO ... OK
Constructing using GLASSO-SF ... OK
Constructing using PCACMI ... OK
Constructing using SPACE ... OK
Constructing using BayesianGLasso ... OK
Ensembling network using ENA ... OK
Permutating ... OK
Calculating confidence ... OK
       GeneNet             NS         GLasso      GLasso-sf         PCACMI 
       0.95598        0.99100        0.92512        0.92644        0.98894 
         SPACE BayesianGLasso            ENA 
       0.93116        0.97434        0.99105 

i: 7; seed: 0
Working with data/temp/tiny.nSample200.sigma0.5.csv ...
=================================================

------------- GeneNet -------------
------------- NS -------------
0.01 0.3980418 0.9140772 
0.02 0.7923265 0.9187853 
0.03 1.183085 0.924435 
0.04 1.570534 0.9258475 
0.05 1.954881 0.923258 
0.06 2.336323 0.9263183 
0.07 2.715046 0.9289077 
0.08 3.091229 0.9326742 
0.09 3.465042 0.9314972 
0.1 3.83665 0.9359699 
0.12 4.573869 0.9338512 
0.14 5.304074 0.9369115 
0.16 6.028377 0.9387947 
0.18 6.747822 0.9385593 
0.2 7.463403 0.9390301 
0.22 8.176073 0.9449153 
0.24 8.886751 0.9439736 
0.26 9.596336 0.9451507 
0.28 10.30571 0.9460923 
0.3 11.01575 0.9456215 
0.32 11.72733 0.9493879 
0.34 12.44135 0.9510358 
0.36 13.15869 0.9548023 
0.38 13.8803 0.9336158 
0.4 14.60713 0.9352637 
0.42 15.34019 0.9352637 
0.44 16.08054 0.9380885 
0.46 16.82929 0.9385593 
0.48 17.58766 0.9397363 
0.5 18.35695 0.9178437 
0.54 19.93402 0.9187853 
0.58 21.5736 0.9201977 
0.62 23.29188 0.9218456 
0.66 25.10968 0.924435 
0.7 27.05467 0.9256121 
0.74 29.16534 0.9263183 
0.78 31.49796 0.9277307 
0.82 34.14058 0.9277307 
0.86 37.244 0.9303202 
0.9 41.10435 0.9305556 
0.94 46.4567 0.9317326 
0.98 56.49164 0.9084275 
------------- glasso -------------
0.01 0.9451507 
0.02 0.9503296 
0.03 0.9512712 
0.04 0.950565 
0.05 0.951742 
0.06 0.9350282 
0.07 0.9354991 
0.08 0.9362053 
0.09 0.9173729 
0.1 0.9187853 
0.12 0.9227872 
0.14 0.9225518 
0.16 0.923258 
0.18 0.923258 
0.2 0.9237288 
0.22 0.9239642 
0.24 0.9225518 
0.26 0.8985405 
0.28 0.8999529 
0.3 0.9013653 
0.32 0.9006591 
0.34 0.8999529 
0.36 0.8992467 
0.38 0.8999529 
0.4 0.8488701 
0.42 0.8201507 
0.44 0.7973164 
0.46 0.7977872 
0.48 0.8001412 
0.5 0.7718927 
0.54 0.7464689 
0.58 0.6913842 
0.62 0.6111111 
0.66 0.6111111 
0.7 0.5833333 
0.74 0.5277778 
0.78 0.5277778 
------------- glassosf -------------
0.01 0.9420904 
0.02 0.951742 
0.03 0.9555085 
0.04 0.951742 
0.05 0.9369115 
0.06 0.9376177 
0.07 0.9218456 
0.08 0.923258 
0.09 0.9241996 
0.1 0.9267891 
0.12 0.9258475 
0.14 0.9001883 
0.16 0.9008945 
0.18 0.9016008 
0.2 0.9004237 
0.22 0.8227401 
0.24 0.8250942 
0.26 0.8006121 
0.28 0.7716573 
0.3 0.6916196 
0.32 0.663371 
0.34 0.6111111 
0.36 0.5833333 
0.38 0.5277778 
0.4 0.5277778 
0.42 0.5277778 
0.44 0.5277778 
0.46 0.5 
0.48 0.5 
0.5 0.5 
0.54 0.5 
0.58 0.5 
0.62 0.5 
0.66 0.5 
0.7 0.5 
0.74 0.5 
0.78 0.5 
------------- pcacmi -------------
------------- space -------------
0.01 0.9206685 
0.02 0.9277307 
0.03 0.9300847 
0.04 0.9333804 
0.05 0.9395009 
0.06 0.9378531 
0.07 0.943032 
0.08 0.9413842 
0.09 0.9489171 
0.1 0.9489171 
0.12 0.9491525 
0.14 0.9322034 
0.16 0.9143126 
0.18 0.9178437 
0.2 0.9192561 
0.22 0.9204331 
0.24 0.9213748 
0.26 0.9241996 
0.28 0.9237288 
0.3 0.9237288 
0.32 0.9253766 
0.34 0.9256121 
0.36 0.9256121 
0.38 0.9270245 
0.4 0.9270245 
0.42 0.9270245 
0.44 0.9267891 
0.46 0.9013653 
0.48 0.9018362 
0.5 0.9030132 
0.54 0.9048964 
0.58 0.904661 
0.62 0.8782957 
0.66 0.8799435 
0.7 0.854049 
0.74 0.855226 
0.78 0.856403 
0.82 0.8561676 
0.86 0.8283898 
0.9 0.8024953 
0.94 0.7749529 
0.98 0.7474105 
------------- BayesianGLasso -------------
------------- ena -------------
Constructing using GeneNet ... OK
Constructing using neighborhood selection ... OK
Constructing using GLASSO ... OK
Constructing using GLASSO-SF ... OK
Constructing using PCACMI ... OK
Constructing using SPACE ... OK
Constructing using BayesianGLasso ... OK
Ensembling network using ENA ... OK
Permutating ... OK
Calculating confidence ... OK
       GeneNet             NS         GLasso      GLasso-sf         PCACMI 
       0.87147        0.94291        0.87297        0.86869        0.91361 
         SPACE BayesianGLasso            ENA 
       0.90470        0.94350        0.94468 

i: 8; seed: 0
Working with data/temp/tiny.nSample200.sigma0.5.csv ...
=================================================

------------- GeneNet -------------
------------- NS -------------
0.01 0.3811554 0.9143126 
0.02 0.7587132 0.9185499 
0.03 1.132894 0.922081 
0.04 1.503906 0.9260829 
0.05 1.871948 0.9277307 
0.06 2.237208 0.9289077 
0.07 2.599864 0.9324388 
0.08 2.960088 0.9317326 
0.09 3.318043 0.9347928 
0.1 3.673885 0.9354991 
0.12 4.379828 0.9395009 
0.14 5.079056 0.9439736 
0.16 5.772631 0.9479755 
0.18 6.461555 0.9510358 
0.2 7.146779 0.9533898 
0.22 7.829214 0.9571563 
0.24 8.509743 0.9571563 
0.26 9.189225 0.9590395 
0.28 9.868505 0.9595104 
0.3 10.54842 0.9618644 
0.32 11.22982 0.9632768 
0.34 11.91354 0.9658663 
0.36 12.60046 0.9661017 
0.38 13.29145 0.9665725 
0.4 13.98745 0.9689266 
0.42 14.68941 0.9708098 
0.44 15.39834 0.9712806 
0.46 16.11533 0.9722222 
0.48 16.84153 0.9717514 
0.5 17.57818 0.972693 
0.54 19.08835 0.9741055 
0.58 20.65837 0.9781073 
0.62 22.30375 0.9799906 
0.66 24.04443 0.9797552 
0.7 25.90691 0.9811676 
0.74 27.92804 0.9835217 
0.78 30.16171 0.9832863 
0.82 32.69221 0.9849341 
0.86 35.66397 0.9842279 
0.9 39.36055 0.9865819 
0.94 44.48584 0.9870527 
0.98 54.09506 0.9611582 
------------- glasso -------------
0.01 0.9465631 
0.02 0.9618644 
0.03 0.9705744 
0.04 0.9738701 
0.05 0.9738701 
0.06 0.9750471 
0.07 0.9759887 
0.08 0.9785782 
0.09 0.981403 
0.1 0.980226 
0.12 0.9828154 
0.14 0.98258 
0.16 0.9849341 
0.18 0.9858757 
0.2 0.9861111 
0.22 0.988936 
0.24 0.9882298 
0.26 0.9854049 
0.28 0.9846987 
0.3 0.9597458 
0.32 0.9613936 
0.34 0.9329096 
0.36 0.8815913 
0.38 0.8547552 
0.4 0.829096 
0.42 0.7467043 
0.44 0.7467043 
0.46 0.7462335 
0.48 0.6913842 
0.5 0.6666667 
0.54 0.5555556 
0.58 0.5277778 
0.62 0.5 
0.66 0.5 
0.7 0.5 
0.74 0.5 
0.78 0.5 
------------- glassosf -------------
0.01 0.9451507 
0.02 0.9632768 
0.03 0.972693 
0.04 0.9757533 
0.05 0.9762241 
0.06 0.9795198 
0.07 0.9823446 
0.08 0.9854049 
0.09 0.9851695 
0.1 0.9882298 
0.12 0.9884652 
0.14 0.9903484 
0.16 0.9896422 
0.18 0.9602166 
0.2 0.8822976 
0.22 0.8015537 
0.24 0.719162 
0.26 0.6388889 
0.28 0.5277778 
0.3 0.5 
0.32 0.5 
0.34 0.5 
0.36 0.5 
0.38 0.5 
0.4 0.5 
0.42 0.5 
0.44 0.5 
0.46 0.5 
0.48 0.5 
0.5 0.5 
0.54 0.5 
0.58 0.5 
0.62 0.5 
0.66 0.5 
0.7 0.5 
0.74 0.5 
0.78 0.5 
------------- pcacmi -------------
------------- space -------------
0.01 0.9185499 
0.02 0.9277307 
0.03 0.9347928 
0.04 0.941855 
0.05 0.9423258 
0.06 0.9465631 
0.07 0.9566855 
0.08 0.9597458 
0.09 0.9606874 
0.1 0.9632768 
0.12 0.9632768 
0.14 0.9663371 
0.16 0.9696328 
0.18 0.9722222 
0.2 0.9729284 
0.22 0.9743409 
0.24 0.9764595 
0.26 0.9762241 
0.28 0.9783427 
0.3 0.9795198 
0.32 0.9797552 
0.34 0.981403 
0.36 0.9809322 
0.38 0.9797552 
0.4 0.9806968 
0.42 0.9816384 
0.44 0.981403 
0.46 0.9821092 
0.48 0.9816384 
0.5 0.9821092 
0.54 0.9573917 
0.58 0.9569209 
0.62 0.9583333 
0.66 0.9051318 
0.7 0.8524011 
0.74 0.799435 
0.78 0.7467043 
0.82 0.7464689 
0.86 0.7189266 
0.9 0.7189266 
0.94 0.6913842 
0.98 0.6638418 
------------- BayesianGLasso -------------
------------- ena -------------
Constructing using GeneNet ... OK
Constructing using neighborhood selection ... OK
Constructing using GLASSO ... OK
Constructing using GLASSO-SF ... OK
Constructing using PCACMI ... OK
Constructing using SPACE ... OK
Constructing using BayesianGLasso ... OK
Ensembling network using ENA ... OK
Permutating ... OK
Calculating confidence ... OK
       GeneNet             NS         GLasso      GLasso-sf         PCACMI 
       0.79944        0.97233        0.91480        0.90997        0.97152 
         SPACE BayesianGLasso            ENA 
       0.92940        0.95292        0.97976 

i: 9; seed: 0
Working with data/temp/tiny.nSample200.sigma0.5.csv ...
=================================================

------------- GeneNet -------------
------------- NS -------------
0.01 0.4400396 0.9103107 
0.02 0.8759257 0.912194 
0.03 1.307913 0.9169021 
0.04 1.736243 0.9185499 
0.05 2.161143 0.9211394 
0.06 2.582831 0.922081 
0.07 3.001513 0.9241996 
0.08 3.417388 0.9270245 
0.09 3.830643 0.9282015 
0.1 4.241459 0.9338512 
0.12 5.056462 0.9383239 
0.14 5.863713 0.9427966 
0.16 6.664437 0.943032 
0.18 7.459792 0.9484463 
0.2 8.250875 0.9467985 
0.22 9.038739 0.9493879 
0.24 9.824402 0.9510358 
0.26 10.60886 0.9531544 
0.28 11.39308 0.9557439 
0.3 12.17803 0.9571563 
0.32 12.9647 0.9595104 
0.34 13.75405 0.9613936 
0.36 14.54708 0.9649247 
0.38 15.34483 0.9644539 
0.4 16.14835 0.9658663 
0.42 16.95875 0.9668079 
0.44 17.77721 0.9675141 
0.46 18.60497 0.9689266 
0.48 19.44336 0.9701036 
0.5 20.29381 0.9719868 
0.54 22.03728 0.9719868 
0.58 23.84985 0.9736347 
0.62 25.74943 0.9750471 
0.66 27.75902 0.9766949 
0.7 29.90924 0.9792844 
0.74 32.2426 0.9797552 
0.78 34.82135 0.9555085 
0.82 37.74279 0.9559793 
0.86 41.17365 0.9314972 
0.9 45.44131 0.9317326 
0.94 51.35839 0.9310264 
0.98 62.45214 0.7996704 
------------- glasso -------------
0.01 0.9420904 
0.02 0.9562147 
0.03 0.9642185 
0.04 0.972693 
0.05 0.9750471 
0.06 0.9783427 
0.07 0.9792844 
0.08 0.9797552 
0.09 0.9792844 
0.1 0.980226 
0.12 0.9795198 
0.14 0.979049 
0.16 0.9785782 
0.18 0.9788136 
0.2 0.9795198 
0.22 0.9764595 
0.24 0.9237288 
0.26 0.8987759 
0.28 0.8724105 
0.3 0.8455744 
0.32 0.7966102 
0.34 0.798258 
0.36 0.7980226 
0.38 0.7980226 
0.4 0.7742467 
0.42 0.7464689 
0.44 0.7189266 
0.46 0.6916196 
0.48 0.6636064 
0.5 0.6388889 
0.54 0.5555556 
0.58 0.5 
0.62 0.5 
0.66 0.5 
0.7 0.5 
0.74 0.5 
0.78 0.5 
------------- glassosf -------------
0.01 0.9463277 
0.02 0.959275 
0.03 0.9717514 
0.04 0.9783427 
0.05 0.9818738 
0.06 0.9828154 
0.07 0.9823446 
0.08 0.9830508 
0.09 0.9849341 
0.1 0.9842279 
0.12 0.9837571 
0.14 0.9823446 
0.16 0.9008945 
0.18 0.7991996 
0.2 0.798258 
0.22 0.7744821 
0.24 0.6913842 
0.26 0.6388889 
0.28 0.5555556 
0.3 0.5 
0.32 0.5 
0.34 0.5 
0.36 0.5 
0.38 0.5 
0.4 0.5 
0.42 0.5 
0.44 0.5 
0.46 0.5 
0.48 0.5 
0.5 0.5 
0.54 0.5 
0.58 0.5 
0.62 0.5 
0.66 0.5 
0.7 0.5 
0.74 0.5 
0.78 0.5 
------------- pcacmi -------------
------------- space -------------
0.01 0.9140772 
0.02 0.922081 
0.03 0.9239642 
0.04 0.9314972 
0.05 0.9387947 
0.06 0.9435028 
0.07 0.9508004 
0.08 0.9564501 
0.09 0.9606874 
0.1 0.9639831 
0.12 0.9672787 
0.14 0.9675141 
0.16 0.9705744 
0.18 0.970339 
0.2 0.9717514 
0.22 0.9733992 
0.24 0.9745763 
0.26 0.9519774 
0.28 0.951742 
0.3 0.9533898 
0.32 0.9289077 
0.34 0.9286723 
0.36 0.9293785 
0.38 0.9286723 
0.4 0.9324388 
0.42 0.904661 
0.44 0.904661 
0.46 0.9048964 
0.48 0.904661 
0.5 0.9041902 
0.54 0.8775895 
0.58 0.8521657 
0.62 0.799435 
0.66 0.799435 
0.7 0.8013183 
0.74 0.8027307 
0.78 0.8022599 
0.82 0.7749529 
0.86 0.7198682 
0.9 0.6944444 
0.94 0.6666667 
0.98 0.6666667 
------------- BayesianGLasso -------------
------------- ena -------------
Constructing using GeneNet ... OK
Constructing using neighborhood selection ... OK
Constructing using GLASSO ... OK
Constructing using GLASSO-SF ... OK
Constructing using PCACMI ... OK
Constructing using SPACE ... OK
Constructing using BayesianGLasso ... OK
Ensembling network using ENA ... OK
Permutating ... OK
Calculating confidence ... OK
       GeneNet             NS         GLasso      GLasso-sf         PCACMI 
       0.71963        0.97101        0.90250        0.90690        0.97717 
         SPACE BayesianGLasso            ENA 
       0.91875        0.95151        0.97764 

i: 10; seed: 0
Working with data/temp/tiny.nSample200.sigma0.5.csv ...
=================================================

------------- GeneNet -------------
------------- NS -------------
0.01 0.407564 0.9201977 
0.02 0.811281 0.9194915 
0.03 1.211387 0.9216102 
0.04 1.608105 0.922081 
0.05 2.001647 0.9265537 
0.06 2.392214 0.924435 
0.07 2.779997 0.9267891 
0.08 3.165179 0.9298493 
0.09 3.547935 0.9326742 
0.1 3.928432 0.9312618 
0.12 4.683287 0.9362053 
0.14 5.430961 0.9369115 
0.16 6.172591 0.9385593 
0.18 6.909247 0.9380885 
0.2 7.641947 0.9390301 
0.22 8.371666 0.9444444 
0.24 9.099346 0.9432674 
0.26 9.825905 0.9458569 
0.28 10.55225 0.9484463 
0.3 11.27928 0.9526836 
0.32 12.00788 0.9383239 
0.34 12.73898 0.9376177 
0.36 13.47348 0.9399718 
0.38 14.21236 0.9392655 
0.4 14.95657 0.9404426 
0.42 15.70717 0.9416196 
0.44 16.46523 0.943032 
0.46 17.23189 0.9451507 
0.48 18.00841 0.9444444 
0.5 18.79609 0.9467985 
0.54 20.4109 0.9475047 
0.58 22.08969 0.9503296 
0.62 23.84908 0.9522128 
0.66 25.71036 0.9522128 
0.7 27.70189 0.952919 
0.74 29.86305 0.9566855 
0.78 32.25148 0.9552731 
0.82 34.95731 0.9576271 
0.86 38.13497 0.9613936 
0.9 42.08767 0.9639831 
0.94 47.56806 0.9646893 
0.98 57.84307 0.8571092 
------------- glasso -------------
0.01 0.9472693 
0.02 0.9531544 
0.03 0.9583333 
0.04 0.954096 
0.05 0.9411488 
0.06 0.944209 
0.07 0.9467985 
0.08 0.9484463 
0.09 0.9498588 
0.1 0.9524482 
0.12 0.9543315 
0.14 0.9557439 
0.16 0.9571563 
0.18 0.9580979 
0.2 0.9585687 
0.22 0.9602166 
0.24 0.9602166 
0.26 0.9613936 
0.28 0.9096045 
0.3 0.8820621 
0.32 0.827919 
0.34 0.8314501 
0.36 0.7758945 
0.38 0.7777778 
0.4 0.75 
0.42 0.7222222 
0.44 0.6666667 
0.46 0.6666667 
0.48 0.6666667 
0.5 0.6111111 
0.54 0.5833333 
0.58 0.5277778 
0.62 0.5277778 
0.66 0.5 
0.7 0.5 
0.74 0.5 
0.78 0.5 
------------- glassosf -------------
0.01 0.9489171 
0.02 0.9543315 
0.03 0.9557439 
0.04 0.9606874 
0.05 0.9672787 
0.06 0.9533898 
0.07 0.9559793 
0.08 0.9597458 
0.09 0.9606874 
0.1 0.9602166 
0.12 0.9642185 
0.14 0.9651601 
0.16 0.9119586 
0.18 0.886064 
0.2 0.7777778 
0.22 0.6944444 
0.24 0.6666667 
0.26 0.6111111 
0.28 0.5277778 
0.3 0.5277778 
0.32 0.5 
0.34 0.5 
0.36 0.5 
0.38 0.5 
0.4 0.5 
0.42 0.5 
0.44 0.5 
0.46 0.5 
0.48 0.5 
0.5 0.5 
0.54 0.5 
0.58 0.5 
0.62 0.5 
0.66 0.5 
0.7 0.5 
0.74 0.5 
0.78 0.5 
------------- pcacmi -------------
------------- space -------------
0.01 0.9183145 
0.02 0.9223164 
0.03 0.9270245 
0.04 0.9333804 
0.05 0.9395009 
0.06 0.9385593 
0.07 0.9385593 
0.08 0.9446798 
0.09 0.9498588 
0.1 0.9524482 
0.12 0.9392655 
0.14 0.9427966 
0.16 0.9444444 
0.18 0.9470339 
0.2 0.9508004 
0.22 0.951742 
0.24 0.9522128 
0.26 0.9550377 
0.28 0.9562147 
0.3 0.9564501 
0.32 0.9585687 
0.34 0.9590395 
0.36 0.9602166 
0.38 0.9620998 
0.4 0.9602166 
0.42 0.9635122 
0.44 0.9620998 
0.46 0.9637476 
0.48 0.9359699 
0.5 0.8561676 
0.54 0.8305085 
0.58 0.8300377 
0.62 0.8333333 
0.66 0.8055556 
0.7 0.8055556 
0.74 0.7777778 
0.78 0.7777778 
0.82 0.75 
0.86 0.6944444 
0.9 0.6666667 
0.94 0.6666667 
0.98 0.6666667 
------------- BayesianGLasso -------------
------------- ena -------------
Constructing using GeneNet ... OK
Constructing using neighborhood selection ... OK
Constructing using GLASSO ... OK
Constructing using GLASSO-SF ... OK
Constructing using PCACMI ... OK
Constructing using SPACE ... OK
Constructing using BayesianGLasso ... OK
Ensembling network using ENA ... OK
Permutating ... OK
Calculating confidence ... OK
       GeneNet             NS         GLasso      GLasso-sf         PCACMI 
       0.80179        0.97299        0.89899        0.90777        0.96257 
         SPACE BayesianGLasso            ENA 
       0.91458        0.94280        0.96304 

