WARNING: ignoring environment value of R_HOME
$noise
[1] 0.5

$plot
[1] TRUE

$rounds
[1] 10

$samp
[1] 100

$seed
[1] 0

$simu
[1] "ggm"

$size
[1] "tiny"

$verbose
[1] TRUE

i: 1; seed: 0
Working with data/temp/tiny.nSample100.sigma0.5.csv ...
=================================================

------------- GeneNet -------------
------------- NS -------------
0.01 0.2845202 0.7867232 
0.02 0.5663549 0.7817797 
0.03 0.8456686 0.7888418 
0.04 1.122617 0.790725 
0.05 1.397349 0.7951977 
0.06 1.670003 0.8001412 
0.07 1.940714 0.8055556 
0.08 2.20961 0.8083804 
0.09 2.476812 0.8095574 
0.1 2.742436 0.8137947 
0.12 3.2694 0.8210923 
0.14 3.791351 0.8260358 
0.16 4.309083 0.8323917 
0.18 4.823342 0.8345104 
0.2 5.334839 0.8436911 
0.22 5.844255 0.8434557 
0.24 6.352248 0.8467514 
0.26 6.859459 0.8516949 
0.28 7.36652 0.8568738 
0.3 7.874056 0.8568738 
0.32 8.382696 0.8585217 
0.34 8.893073 0.8611111 
0.36 9.405832 0.8655838 
0.38 9.921638 0.8669962 
0.4 10.44118 0.8669962 
0.42 10.96517 0.8691149 
0.44 11.49437 0.8724105 
0.46 12.02958 0.8721751 
0.48 12.57166 0.8745292 
0.5 13.12154 0.876177 
0.54 14.24884 0.8592279 
0.58 15.4208 0.8618173 
0.62 16.64903 0.865113 
0.66 17.94839 0.846516 
0.7 19.33867 0.8498117 
0.74 20.84738 0.854049 
0.78 22.51474 0.8556968 
0.82 24.40368 0.8608757 
0.86 26.622 0.8677024 
0.9 29.38138 0.8707627 
0.94 33.20724 0.8222693 
0.98 40.38022 0.7977872 
------------- glasso -------------
0.01 0.8175612 
0.02 0.8295669 
0.03 0.846516 
0.04 0.8512241 
0.05 0.8580508 
0.06 0.8620527 
0.07 0.8709981 
0.08 0.8700565 
0.09 0.8914783 
0.1 0.8933616 
0.12 0.8994821 
0.14 0.9030132 
0.16 0.8877119 
0.18 0.8905367 
0.2 0.8898305 
0.22 0.8943032 
0.24 0.8531073 
0.26 0.8545198 
0.28 0.8594633 
0.3 0.8629944 
0.32 0.8173258 
0.34 0.8185028 
0.36 0.8199153 
0.38 0.8208569 
0.4 0.8215631 
0.42 0.7963748 
0.44 0.7980226 
0.46 0.7429379 
0.48 0.7445857 
0.5 0.7172787 
0.54 0.6068738 
0.58 0.5793315 
0.62 0.5793315 
0.66 0.5277778 
0.7 0.5 
0.74 0.5 
0.78 0.5 
------------- glassosf -------------
0.01 0.8097928 
0.02 0.8283898 
0.03 0.8443974 
0.04 0.8528719 
0.05 0.8778249 
0.06 0.8858286 
0.07 0.8917137 
0.08 0.8978343 
0.09 0.9006591 
0.1 0.905838 
0.12 0.9138418 
0.14 0.8771186 
0.16 0.863936 
0.18 0.845339 
0.2 0.8196798 
0.22 0.8206215 
0.24 0.7704802 
0.26 0.7175141 
0.28 0.634887 
0.3 0.5793315 
0.32 0.5793315 
0.34 0.5277778 
0.36 0.5 
0.38 0.5 
0.4 0.5 
0.42 0.5 
0.44 0.5 
0.46 0.5 
0.48 0.5 
0.5 0.5 
0.54 0.5 
0.58 0.5 
0.62 0.5 
0.66 0.5 
0.7 0.5 
0.74 0.5 
0.78 0.5 
------------- pcacmi -------------
------------- space -------------
0.01 0.7780132 
0.02 0.7874294 
0.03 0.7935499 
0.04 0.8010829 
0.05 0.8097928 
0.06 0.8163842 
0.07 0.8208569 
0.08 0.8281544 
0.09 0.8323917 
0.1 0.8335687 
0.12 0.8422787 
0.14 0.8526365 
0.16 0.8582863 
0.18 0.8625235 
0.2 0.8672316 
0.22 0.8709981 
0.24 0.8754708 
0.26 0.8747646 
0.28 0.8785311 
0.3 0.8594633 
0.32 0.8634652 
0.34 0.8448682 
0.36 0.845339 
0.38 0.8498117 
0.4 0.8493409 
0.42 0.8516949 
0.44 0.8521657 
0.46 0.8568738 
0.48 0.8592279 
0.5 0.8370998 
0.54 0.8434557 
0.58 0.8177966 
0.62 0.8217985 
0.66 0.8217985 
0.7 0.8229755 
0.74 0.8243879 
0.78 0.7968456 
0.82 0.7422316 
0.86 0.7422316 
0.9 0.7443503 
0.94 0.7168079 
0.98 0.7165725 
------------- BayesianGLasso -------------
------------- ena -------------
Constructing using GeneNet ... OK
Constructing using neighborhood selection ... OK
Constructing using GLASSO ... OK
Constructing using GLASSO-SF ... OK
Constructing using PCACMI ... OK
Constructing using SPACE ... OK
Constructing using BayesianGLasso ... OK
Ensembling network using ENA ... OK
Permutating ... OK
Calculating confidence ... OK
       GeneNet             NS         GLasso      GLasso-sf         PCACMI 
       0.69444        0.86462        0.82718        0.82697        0.91620 
         SPACE BayesianGLasso            ENA 
       0.81050        0.85499        0.88465 

i: 2; seed: 0
Working with data/temp/tiny.nSample100.sigma0.5.csv ...
=================================================

------------- GeneNet -------------
------------- NS -------------
0.01 0.2541455 0.8768832 
0.02 0.5058921 0.8797081 
0.03 0.7553869 0.8839454 
0.04 1.002769 0.8764124 
0.05 1.248171 0.8797081 
0.06 1.491717 0.8822976 
0.07 1.733528 0.8827684 
0.08 1.973717 0.8853578 
0.09 2.212393 0.8877119 
0.1 2.44966 0.8905367 
0.12 2.920366 0.894774 
0.14 3.386595 0.8973635 
0.16 3.849055 0.9016008 
0.18 4.308413 0.9063089 
0.2 4.765304 0.9129002 
0.22 5.220336 0.915725 
0.24 5.674096 0.9183145 
0.26 6.127159 0.9185499 
0.28 6.580087 0.9237288 
0.3 7.03344 0.9251412 
0.32 7.487778 0.9270245 
0.34 7.943668 0.9293785 
0.36 8.401687 0.9300847 
0.38 8.862426 0.9296139 
0.4 9.3265 0.9324388 
0.42 9.79455 0.9552731 
0.44 10.26725 0.9545669 
0.46 10.74533 0.9559793 
0.48 11.22954 0.9585687 
0.5 11.72071 0.9588041 
0.54 12.72766 0.9639831 
0.58 13.77451 0.9399718 
0.62 14.87162 0.9399718 
0.66 16.03226 0.9392655 
0.7 17.27412 0.9190207 
0.74 18.62176 0.8943032 
0.78 20.11112 0.8455744 
0.82 21.7984 0.8446328 
0.86 23.7799 0.8201507 
0.9 26.24469 0.8248588 
0.94 29.66211 0.826742 
0.98 36.06931 0.8055556 
------------- glasso -------------
0.01 0.9105461 
0.02 0.9293785 
0.03 0.9333804 
0.04 0.9387947 
0.05 0.9409134 
0.06 0.944209 
0.07 0.9482109 
0.08 0.9510358 
0.09 0.9515066 
0.1 0.9515066 
0.12 0.9475047 
0.14 0.9472693 
0.16 0.9206685 
0.18 0.9020716 
0.2 0.8804143 
0.22 0.8818267 
0.24 0.8596987 
0.26 0.8396893 
0.28 0.8182674 
0.3 0.8201507 
0.32 0.8229755 
0.34 0.8225047 
0.36 0.8243879 
0.38 0.8258004 
0.4 0.8286252 
0.42 0.8295669 
0.44 0.8314501 
0.46 0.7777778 
0.48 0.7777778 
0.5 0.7777778 
0.54 0.7222222 
0.58 0.6388889 
0.62 0.6111111 
0.66 0.6111111 
0.7 0.5555556 
0.74 0.5277778 
0.78 0.5277778 
------------- glassosf -------------
0.01 0.9081921 
0.02 0.920904 
0.03 0.9352637 
0.04 0.9437382 
0.05 0.9489171 
0.06 0.9508004 
0.07 0.9519774 
0.08 0.9552731 
0.09 0.952919 
0.1 0.9491525 
0.12 0.8815913 
0.14 0.8686441 
0.16 0.8462806 
0.18 0.8495763 
0.2 0.8243879 
0.22 0.8281544 
0.24 0.8039077 
0.26 0.8055556 
0.28 0.7222222 
0.3 0.6388889 
0.32 0.6111111 
0.34 0.6111111 
0.36 0.5555556 
0.38 0.5277778 
0.4 0.5277778 
0.42 0.5277778 
0.44 0.5 
0.46 0.5 
0.48 0.5 
0.5 0.5 
0.54 0.5 
0.58 0.5 
0.62 0.5 
0.66 0.5 
0.7 0.5 
0.74 0.5 
0.78 0.5 
------------- pcacmi -------------
------------- space -------------
0.01 0.8778249 
0.02 0.8827684 
0.03 0.8853578 
0.04 0.8907721 
0.05 0.8985405 
0.06 0.9039548 
0.07 0.9081921 
0.08 0.8950094 
0.09 0.8994821 
0.1 0.9030132 
0.12 0.9126648 
0.14 0.9178437 
0.16 0.9239642 
0.18 0.9258475 
0.2 0.9274953 
0.22 0.9282015 
0.24 0.9522128 
0.26 0.930791 
0.28 0.9336158 
0.3 0.9347928 
0.32 0.9124294 
0.34 0.8893597 
0.36 0.865113 
0.38 0.8669962 
0.4 0.8679379 
0.42 0.8432203 
0.44 0.8432203 
0.46 0.8429849 
0.48 0.8173258 
0.5 0.8201507 
0.54 0.8232109 
0.58 0.8234463 
0.62 0.8248588 
0.66 0.826742 
0.7 0.8281544 
0.74 0.8286252 
0.78 0.8316855 
0.82 0.8055556 
0.86 0.8055556 
0.9 0.8055556 
0.94 0.7777778 
0.98 0.7222222 
------------- BayesianGLasso -------------
------------- ena -------------
Constructing using GeneNet ... OK
Constructing using neighborhood selection ... OK
Constructing using GLASSO ... OK
Constructing using GLASSO-SF ... OK
Constructing using PCACMI ... OK
Constructing using SPACE ... OK
Constructing using BayesianGLasso ... OK
Ensembling network using ENA ... OK
Permutating ... OK
Calculating confidence ... OK
       GeneNet             NS         GLasso      GLasso-sf         PCACMI 
       0.69444        0.95323        0.87231        0.87352        0.94068 
         SPACE BayesianGLasso            ENA 
       0.90766        0.93903        0.95480 

i: 3; seed: 0
Working with data/temp/tiny.nSample100.sigma0.5.csv ...
=================================================

------------- GeneNet -------------
------------- NS -------------
0.01 0.2629507 0.9223164 
0.02 0.5234195 0.9270245 
0.03 0.7815585 0.9305556 
0.04 1.037512 0.9333804 
0.05 1.291416 0.9376177 
0.06 1.5434 0.9357345 
0.07 1.793589 0.9390301 
0.08 2.042099 0.9411488 
0.09 2.289044 0.9453861 
0.1 2.534532 0.9477401 
0.12 3.021547 0.9519774 
0.14 3.503929 0.9524482 
0.16 3.982411 0.9545669 
0.18 4.457684 0.9571563 
0.2 4.930405 0.9573917 
0.22 5.401202 0.9580979 
0.24 5.870684 0.9609228 
0.26 6.339443 0.9606874 
0.28 6.808064 0.9630414 
0.3 7.277124 0.9606874 
0.32 7.747204 0.9625706 
0.34 8.218889 0.9635122 
0.36 8.692776 0.9639831 
0.38 9.169478 0.9661017 
0.4 9.649631 0.9665725 
0.42 10.1339 0.9653955 
0.44 10.62298 0.9668079 
0.46 11.11761 0.9689266 
0.48 11.6186 0.9689266 
0.5 12.1268 0.9698682 
0.54 13.16863 0.9710452 
0.58 14.25175 0.9729284 
0.62 15.38687 0.9729284 
0.66 16.58772 0.9752825 
0.7 17.87261 0.9748117 
0.74 19.26694 0.9510358 
0.78 20.8079 0.9519774 
0.82 22.55364 0.951742 
0.86 24.60379 0.9519774 
0.9 27.15398 0.9267891 
0.94 30.6898 0.9270245 
0.98 37.31899 0.8491055 
------------- glasso -------------
0.01 0.9531544 
0.02 0.9595104 
0.03 0.960452 
0.04 0.9668079 
0.05 0.9712806 
0.06 0.971516 
0.07 0.9724576 
0.08 0.9722222 
0.09 0.9712806 
0.1 0.9729284 
0.12 0.970339 
0.14 0.9724576 
0.16 0.9719868 
0.18 0.9719868 
0.2 0.9705744 
0.22 0.9712806 
0.24 0.9689266 
0.26 0.9682203 
0.28 0.9435028 
0.3 0.9437382 
0.32 0.9425612 
0.34 0.9416196 
0.36 0.9150188 
0.38 0.8637006 
0.4 0.8363936 
0.42 0.8109699 
0.44 0.7881356 
0.46 0.7608286 
0.48 0.7624765 
0.5 0.7085687 
0.54 0.7102166 
0.58 0.6042844 
0.62 0.60758 
0.66 0.5833333 
0.7 0.5833333 
0.74 0.5555556 
0.78 0.5555556 
------------- glassosf -------------
0.01 0.9503296 
0.02 0.959275 
0.03 0.9618644 
0.04 0.9696328 
0.05 0.9731638 
0.06 0.9764595 
0.07 0.9762241 
0.08 0.9766949 
0.09 0.9771657 
0.1 0.9752825 
0.12 0.9741055 
0.14 0.9741055 
0.16 0.9733992 
0.18 0.9453861 
0.2 0.9435028 
0.22 0.863936 
0.24 0.7881356 
0.26 0.709275 
0.28 0.6838512 
0.3 0.6591337 
0.32 0.6042844 
0.34 0.60758 
0.36 0.5833333 
0.38 0.5555556 
0.4 0.5555556 
0.42 0.5277778 
0.44 0.5 
0.46 0.5 
0.48 0.5 
0.5 0.5 
0.54 0.5 
0.58 0.5 
0.62 0.5 
0.66 0.5 
0.7 0.5 
0.74 0.5 
0.78 0.5 
------------- pcacmi -------------
------------- space -------------
0.01 0.9211394 
0.02 0.9286723 
0.03 0.9310264 
0.04 0.9390301 
0.05 0.9453861 
0.06 0.9489171 
0.07 0.9470339 
0.08 0.9486817 
0.09 0.951742 
0.1 0.9543315 
0.12 0.9576271 
0.14 0.960452 
0.16 0.9635122 
0.18 0.9656309 
0.2 0.9670433 
0.22 0.9701036 
0.24 0.9686911 
0.26 0.970339 
0.28 0.970339 
0.3 0.9489171 
0.32 0.9482109 
0.34 0.9491525 
0.36 0.9493879 
0.38 0.9482109 
0.4 0.9498588 
0.42 0.9498588 
0.44 0.9253766 
0.46 0.9253766 
0.48 0.9251412 
0.5 0.9263183 
0.54 0.9256121 
0.58 0.9246704 
0.62 0.9241996 
0.66 0.9239642 
0.7 0.8971281 
0.74 0.8434557 
0.78 0.8460452 
0.82 0.7930791 
0.86 0.7966102 
0.9 0.7966102 
0.94 0.770951 
0.98 0.7431733 
------------- BayesianGLasso -------------
------------- ena -------------
Constructing using GeneNet ... OK
Constructing using neighborhood selection ... OK
Constructing using GLASSO ... OK
Constructing using GLASSO-SF ... OK
Constructing using PCACMI ... OK
Constructing using SPACE ... OK
Constructing using BayesianGLasso ... OK
Ensembling network using ENA ... OK
Permutating ... OK
Calculating confidence ... OK
       GeneNet             NS         GLasso      GLasso-sf         PCACMI 
       0.71704        0.96179        0.89723        0.89372        0.92538 
         SPACE BayesianGLasso            ENA 
       0.91634        0.96822        0.96846 

i: 4; seed: 0
Working with data/temp/tiny.nSample100.sigma0.5.csv ...
=================================================

------------- GeneNet -------------
------------- NS -------------
0.01 0.3146911 0.8500471 
0.02 0.6264117 0.8439266 
0.03 0.9353442 0.846516 
0.04 1.241661 0.8500471 
0.05 1.545525 0.8556968 
0.06 1.847092 0.8592279 
0.07 2.14651 0.8646422 
0.08 2.443919 0.8646422 
0.09 2.739455 0.8655838 
0.1 3.033247 0.8688795 
0.12 3.616091 0.8733522 
0.14 4.19339 0.8759416 
0.16 4.766022 0.8775895 
0.18 5.334814 0.8822976 
0.2 5.900552 0.8886535 
0.22 6.463987 0.8893597 
0.24 7.025848 0.8926554 
0.26 7.586844 0.8954802 
0.28 8.147674 0.9001883 
0.3 8.70903 0.9020716 
0.32 9.271606 0.904661 
0.34 9.836104 0.9063089 
0.36 10.40324 0.9100753 
0.38 10.97374 0.9096045 
0.4 11.54837 0.9110169 
0.42 12.12793 0.9143126 
0.44 12.71324 0.9194915 
0.46 13.30521 0.9169021 
0.48 13.90477 0.9204331 
0.5 14.51296 0.923258 
0.54 15.7598 0.9251412 
0.58 17.05604 0.9241996 
0.62 18.41451 0.9282015 
0.66 19.85166 0.9107815 
0.7 21.38937 0.8658192 
0.74 23.05806 0.8712335 
0.78 24.90223 0.8472222 
0.82 26.99147 0.8472222 
0.86 29.44503 0.8225047 
0.9 32.49701 0.7977872 
0.94 36.72857 0.7716573 
0.98 44.66218 0.6358286 
------------- glasso -------------
0.01 0.8724105 
0.02 0.8879473 
0.03 0.8966573 
0.04 0.9027778 
0.05 0.9086629 
0.06 0.9150188 
0.07 0.9213748 
0.08 0.9246704 
0.09 0.9265537 
0.1 0.9286723 
0.12 0.9303202 
0.14 0.931968 
0.16 0.9333804 
0.18 0.9107815 
0.2 0.8632298 
0.22 0.8698211 
0.24 0.8740584 
0.26 0.8479284 
0.28 0.7923729 
0.3 0.7956685 
0.32 0.7923729 
0.34 0.7678908 
0.36 0.7142185 
0.38 0.6869115 
0.4 0.6038136 
0.42 0.60758 
0.44 0.5798023 
0.46 0.5833333 
0.48 0.5833333 
0.5 0.5833333 
0.54 0.5555556 
0.58 0.5277778 
0.62 0.5277778 
0.66 0.5277778 
0.7 0.5277778 
0.74 0.5 
0.78 0.5 
------------- glassosf -------------
0.01 0.8700565 
0.02 0.8888889 
0.03 0.8975989 
0.04 0.9119586 
0.05 0.9169021 
0.06 0.9246704 
0.07 0.9310264 
0.08 0.9369115 
0.09 0.9352637 
0.1 0.9359699 
0.12 0.8961864 
0.14 0.8766478 
0.16 0.795904 
0.18 0.7928437 
0.2 0.6864407 
0.22 0.60758 
0.24 0.5833333 
0.26 0.5555556 
0.28 0.5555556 
0.3 0.5277778 
0.32 0.5277778 
0.34 0.5277778 
0.36 0.5 
0.38 0.5 
0.4 0.5 
0.42 0.5 
0.44 0.5 
0.46 0.5 
0.48 0.5 
0.5 0.5 
0.54 0.5 
0.58 0.5 
0.62 0.5 
0.66 0.5 
0.7 0.5 
0.74 0.5 
0.78 0.5 
------------- pcacmi -------------
------------- space -------------
0.01 0.836629 
0.02 0.8448682 
0.03 0.8519303 
0.04 0.8611111 
0.05 0.8644068 
0.06 0.875 
0.07 0.8717043 
0.08 0.8790019 
0.09 0.8775895 
0.1 0.8815913 
0.12 0.8877119 
0.14 0.8961864 
0.16 0.9006591 
0.18 0.9098399 
0.2 0.9093691 
0.22 0.9110169 
0.24 0.9159605 
0.26 0.9185499 
0.28 0.922081 
0.3 0.9265537 
0.32 0.9256121 
0.34 0.9258475 
0.36 0.9067797 
0.38 0.835452 
0.4 0.8406309 
0.42 0.8439266 
0.44 0.8472222 
0.46 0.8479284 
0.48 0.8210923 
0.5 0.8229755 
0.54 0.7954331 
0.58 0.7954331 
0.62 0.7977872 
0.66 0.7721281 
0.7 0.7436441 
0.74 0.6909134 
0.78 0.6631356 
0.82 0.60758 
0.86 0.5833333 
0.9 0.5833333 
0.94 0.5833333 
0.98 0.5833333 
------------- BayesianGLasso -------------
------------- ena -------------
Constructing using GeneNet ... OK
Constructing using neighborhood selection ... OK
Constructing using GLASSO ... OK
Constructing using GLASSO-SF ... OK
Constructing using PCACMI ... OK
Constructing using SPACE ... OK
Constructing using BayesianGLasso ... OK
Ensembling network using ENA ... OK
Permutating ... OK
Calculating confidence ... OK
       GeneNet             NS         GLasso      GLasso-sf         PCACMI 
       0.61111        0.90997        0.85727        0.85441        0.92655 
         SPACE BayesianGLasso            ENA 
       0.84903        0.90513        0.92961 

i: 5; seed: 0
Working with data/temp/tiny.nSample100.sigma0.5.csv ...
=================================================

------------- GeneNet -------------
------------- NS -------------
0.01 0.2734067 0.7744821 
0.02 0.5442328 0.7761299 
0.03 0.8126364 0.7794256 
0.04 1.078767 0.7803672 
0.05 1.342768 0.7886064 
0.06 1.604772 0.7954331 
0.07 1.864909 0.7968456 
0.08 2.123302 0.805791 
0.09 2.380066 0.8140301 
0.1 2.635316 0.8145009 
0.12 3.141696 0.8114407 
0.14 3.643259 0.808145 
0.16 4.140768 0.8121469 
0.18 4.63494 0.8201507 
0.2 5.126458 0.8229755 
0.22 5.615976 0.8288606 
0.24 6.104126 0.8316855 
0.26 6.591526 0.8368644 
0.28 7.07878 0.8411017 
0.3 7.566492 0.847693 
0.32 8.055264 0.847693 
0.34 8.545705 0.8524011 
0.36 9.038436 0.856403 
0.38 9.534094 0.8615819 
0.4 10.03334 0.8394539 
0.42 10.53686 0.8439266 
0.44 11.04539 0.8265066 
0.46 11.5597 0.827919 
0.48 12.0806 0.8319209 
0.5 12.60901 0.8345104 
0.54 13.69227 0.8382768 
0.58 14.81846 0.8163842 
0.62 15.99871 0.8189736 
0.66 17.24732 0.8208569 
0.7 18.5833 0.8229755 
0.74 20.03307 0.8302731 
0.78 21.6353 0.8088512 
0.82 23.45046 0.8107345 
0.86 25.58214 0.8112053 
0.9 28.23373 0.8137947 
0.94 31.91015 0.7638889 
0.98 38.80295 0.7132768 
------------- glasso -------------
0.01 0.8215631 
0.02 0.837806 
0.03 0.8625235 
0.04 0.8714689 
0.05 0.8698211 
0.06 0.8822976 
0.07 0.8884181 
0.08 0.8900659 
0.09 0.8917137 
0.1 0.876177 
0.12 0.882533 
0.14 0.8411017 
0.16 0.845339 
0.18 0.8229755 
0.2 0.8288606 
0.22 0.8298023 
0.24 0.8029661 
0.26 0.8036723 
0.28 0.7535311 
0.3 0.7554143 
0.32 0.7544727 
0.34 0.7568267 
0.36 0.7337571 
0.38 0.7318738 
0.4 0.7344633 
0.42 0.7099812 
0.44 0.6847928 
0.46 0.6294727 
0.48 0.6026365 
0.5 0.5758004 
0.54 0.5277778 
0.58 0.5277778 
0.62 0.5 
0.66 0.5 
0.7 0.5 
0.74 0.5 
0.78 0.5 
------------- glassosf -------------
0.01 0.8126177 
0.02 0.8399247 
0.03 0.8594633 
0.04 0.8740584 
0.05 0.8766478 
0.06 0.882533 
0.07 0.8735876 
0.08 0.8797081 
0.09 0.8877119 
0.1 0.8655838 
0.12 0.8481638 
0.14 0.7763653 
0.16 0.7528249 
0.18 0.7285782 
0.2 0.7306968 
0.22 0.6793785 
0.24 0.6577213 
0.26 0.5753296 
0.28 0.5277778 
0.3 0.5277778 
0.32 0.5 
0.34 0.5 
0.36 0.5 
0.38 0.5 
0.4 0.5 
0.42 0.5 
0.44 0.5 
0.46 0.5 
0.48 0.5 
0.5 0.5 
0.54 0.5 
0.58 0.5 
0.62 0.5 
0.66 0.5 
0.7 0.5 
0.74 0.5 
0.78 0.5 
------------- pcacmi -------------
------------- space -------------
0.01 0.7754237 
0.02 0.7789548 
0.03 0.788371 
0.04 0.7968456 
0.05 0.8121469 
0.06 0.8187382 
0.07 0.8185028 
0.08 0.8265066 
0.09 0.8281544 
0.1 0.8361582 
0.12 0.8462806 
0.14 0.8585217 
0.16 0.8486347 
0.18 0.8594633 
0.2 0.8660546 
0.22 0.8707627 
0.24 0.8323917 
0.26 0.8345104 
0.28 0.8389831 
0.3 0.8177966 
0.32 0.8187382 
0.34 0.8215631 
0.36 0.8250942 
0.38 0.8272128 
0.4 0.8316855 
0.42 0.8321563 
0.44 0.8352166 
0.46 0.8095574 
0.48 0.8086158 
0.5 0.8074388 
0.54 0.7817797 
0.58 0.7615348 
0.62 0.7636535 
0.66 0.7356403 
0.7 0.7346987 
0.74 0.7073917 
0.78 0.7120998 
0.82 0.6845574 
0.86 0.6572505 
0.9 0.6299435 
0.94 0.5753296 
0.98 0.5753296 
------------- BayesianGLasso -------------
------------- ena -------------
Constructing using GeneNet ... OK
Constructing using neighborhood selection ... OK
Constructing using GLASSO ... OK
Constructing using GLASSO-SF ... OK
Constructing using PCACMI ... OK
Constructing using SPACE ... OK
Constructing using BayesianGLasso ... OK
Ensembling network using ENA ... OK
Permutating ... OK
Calculating confidence ... OK
       GeneNet             NS         GLasso      GLasso-sf         PCACMI 
       0.71492        0.88318        0.82784        0.83289        0.86535 
         SPACE BayesianGLasso            ENA 
       0.83377        0.86299        0.88677 

i: 6; seed: 0
Working with data/temp/tiny.nSample100.sigma0.5.csv ...
=================================================

------------- GeneNet -------------
------------- NS -------------
0.01 0.3169998 0.8686441 
0.02 0.6310074 0.8702919 
0.03 0.9422065 0.8735876 
0.04 1.25077 0.8797081 
0.05 1.556864 0.8747646 
0.06 1.860644 0.8804143 
0.07 2.162258 0.8806497 
0.08 2.461849 0.8775895 
0.09 2.759554 0.8757062 
0.1 3.055501 0.8808851 
0.12 3.642621 0.8804143 
0.14 4.224155 0.872646 
0.16 4.800989 0.876177 
0.18 5.373954 0.882533 
0.2 5.943841 0.884887 
0.22 6.51141 0.8874765 
0.24 7.077393 0.8921846 
0.26 7.642505 0.8919492 
0.28 8.207449 0.8940678 
0.3 8.772924 0.8997175 
0.32 9.339628 0.8964218 
0.34 9.908267 0.8818267 
0.36 10.47956 0.8827684 
0.38 11.05425 0.8879473 
0.4 11.6331 0.8910075 
0.42 12.2169 0.8921846 
0.44 12.80651 0.8966573 
0.46 13.40282 0.8973635 
0.48 14.00678 0.876177 
0.5 14.61944 0.8775895 
0.54 15.87542 0.8764124 
0.58 17.18117 0.8806497 
0.62 18.54961 0.8601695 
0.66 19.9973 0.8611111 
0.7 21.54629 0.8618173 
0.74 23.22722 0.8641714 
0.78 25.08492 0.867467 
0.82 27.1895 0.8443974 
0.86 29.66106 0.8493409 
0.9 32.73543 0.8516949 
0.94 36.99803 0.8538136 
0.98 44.98984 0.8559322 
------------- glasso -------------
0.01 0.9016008 
0.02 0.902307 
0.03 0.8973635 
0.04 0.9011299 
0.05 0.9004237 
0.06 0.9086629 
0.07 0.8914783 
0.08 0.8950094 
0.09 0.8978343 
0.1 0.8999529 
0.12 0.902307 
0.14 0.9039548 
0.16 0.9086629 
0.18 0.9112524 
0.2 0.9103107 
0.22 0.9096045 
0.24 0.9114878 
0.26 0.8900659 
0.28 0.8917137 
0.3 0.8681733 
0.32 0.8684087 
0.34 0.8709981 
0.36 0.8502825 
0.38 0.8498117 
0.4 0.8234463 
0.42 0.8232109 
0.44 0.825565 
0.46 0.8248588 
0.48 0.8001412 
0.5 0.8036723 
0.54 0.75 
0.58 0.6388889 
0.62 0.5833333 
0.66 0.5555556 
0.7 0.5277778 
0.74 0.5277778 
0.78 0.5 
------------- glassosf -------------
0.01 0.9020716 
0.02 0.9025424 
0.03 0.8999529 
0.04 0.9008945 
0.05 0.9079567 
0.06 0.89242 
0.07 0.8992467 
0.08 0.904661 
0.09 0.9067797 
0.1 0.9103107 
0.12 0.9180791 
0.14 0.9178437 
0.16 0.9192561 
0.18 0.8957156 
0.2 0.8742938 
0.22 0.8500471 
0.24 0.8262712 
0.26 0.8295669 
0.28 0.75 
0.3 0.6388889 
0.32 0.5833333 
0.34 0.5277778 
0.36 0.5277778 
0.38 0.5 
0.4 0.5 
0.42 0.5 
0.44 0.5 
0.46 0.5 
0.48 0.5 
0.5 0.5 
0.54 0.5 
0.58 0.5 
0.62 0.5 
0.66 0.5 
0.7 0.5 
0.74 0.5 
0.78 0.5 
------------- pcacmi -------------
------------- space -------------
0.01 0.8669962 
0.02 0.8709981 
0.03 0.8782957 
0.04 0.8754708 
0.05 0.8787665 
0.06 0.8792373 
0.07 0.8844162 
0.08 0.8733522 
0.09 0.8778249 
0.1 0.88371 
0.12 0.8910075 
0.14 0.8973635 
0.16 0.9051318 
0.18 0.9079567 
0.2 0.9107815 
0.22 0.8907721 
0.24 0.8954802 
0.26 0.8994821 
0.28 0.9025424 
0.3 0.9051318 
0.32 0.9077213 
0.34 0.8862994 
0.36 0.8653484 
0.38 0.8411017 
0.4 0.8434557 
0.42 0.8432203 
0.44 0.8434557 
0.46 0.8443974 
0.48 0.8458098 
0.5 0.8455744 
0.54 0.8491055 
0.58 0.8524011 
0.62 0.8524011 
0.66 0.8531073 
0.7 0.8542844 
0.74 0.8531073 
0.78 0.8542844 
0.82 0.8281544 
0.86 0.8295669 
0.9 0.8022599 
0.94 0.8039077 
0.98 0.8039077 
------------- BayesianGLasso -------------
------------- ena -------------
Constructing using GeneNet ... OK
Constructing using neighborhood selection ... OK
Constructing using GLASSO ... OK
Constructing using GLASSO-SF ... OK
Constructing using PCACMI ... OK
Constructing using SPACE ... OK
Constructing using BayesianGLasso ... OK
Ensembling network using ENA ... OK
Permutating ... OK
Calculating confidence ... OK
       GeneNet             NS         GLasso      GLasso-sf         PCACMI 
       0.83145        0.89284        0.83630        0.84124        0.85334 
         SPACE BayesianGLasso            ENA 
       0.87209        0.88418        0.89501 

i: 7; seed: 0
Working with data/temp/tiny.nSample100.sigma0.5.csv ...
=================================================

------------- GeneNet -------------
------------- NS -------------
0.01 0.2859216 0.8314501 
0.02 0.5691444 0.8370998 
0.03 0.849834 0.8382768 
0.04 1.128147 0.8401601 
0.05 1.404231 0.845339 
0.06 1.678229 0.8493409 
0.07 1.950273 0.8566384 
0.08 2.220493 0.8599341 
0.09 2.489011 0.8580508 
0.1 2.755944 0.8559322 
0.12 3.285504 0.8658192 
0.14 3.810025 0.8717043 
0.16 4.330307 0.8731168 
0.18 4.847099 0.8780603 
0.2 5.361116 0.8806497 
0.22 5.873041 0.8855932 
0.24 6.383536 0.8851224 
0.26 6.893245 0.8879473 
0.28 7.402803 0.8919492 
0.3 7.91284 0.8964218 
0.32 8.423985 0.8968927 
0.34 8.936876 0.8999529 
0.36 9.452161 0.9004237 
0.38 9.970507 0.9008945 
0.4 10.4926 0.9011299 
0.42 11.01918 0.9037194 
0.44 11.55098 0.9053672 
0.46 12.08883 0.9081921 
0.48 12.63358 0.8879473 
0.5 13.18617 0.8898305 
0.54 14.31902 0.8921846 
0.58 15.49676 0.894774 
0.62 16.73104 0.8961864 
0.66 18.0368 0.8742938 
0.7 19.43393 0.8775895 
0.74 20.95006 0.8790019 
0.78 22.62564 0.8822976 
0.82 24.52388 0.882533 
0.86 26.75313 0.8841808 
0.9 29.5261 0.8620527 
0.94 33.3708 0.836629 
0.98 40.57911 0.7351695 
------------- glasso -------------
0.01 0.867467 
0.02 0.8818267 
0.03 0.8978343 
0.04 0.9060734 
0.05 0.9112524 
0.06 0.9171375 
0.07 0.9190207 
0.08 0.9274953 
0.09 0.9326742 
0.1 0.9373823 
0.12 0.9395009 
0.14 0.9404426 
0.16 0.9463277 
0.18 0.9251412 
0.2 0.9025424 
0.22 0.9044256 
0.24 0.9077213 
0.26 0.904661 
0.28 0.9060734 
0.3 0.9091337 
0.32 0.8559322 
0.34 0.8580508 
0.36 0.806968 
0.38 0.7777778 
0.4 0.7563559 
0.42 0.701742 
0.44 0.6516008 
0.46 0.6306497 
0.48 0.6038136 
0.5 0.5798023 
0.54 0.5833333 
0.58 0.5277778 
0.62 0.5277778 
0.66 0.5 
0.7 0.5 
0.74 0.5 
0.78 0.5 
------------- glassosf -------------
0.01 0.8622881 
0.02 0.8747646 
0.03 0.8921846 
0.04 0.9074859 
0.05 0.9161959 
0.06 0.9223164 
0.07 0.9284369 
0.08 0.9366761 
0.09 0.9435028 
0.1 0.941855 
0.12 0.9037194 
0.14 0.9091337 
0.16 0.9103107 
0.18 0.8827684 
0.2 0.8286252 
0.22 0.7554143 
0.24 0.6002825 
0.26 0.5798023 
0.28 0.5555556 
0.3 0.5277778 
0.32 0.5 
0.34 0.5 
0.36 0.5 
0.38 0.5 
0.4 0.5 
0.42 0.5 
0.44 0.5 
0.46 0.5 
0.48 0.5 
0.5 0.5 
0.54 0.5 
0.58 0.5 
0.62 0.5 
0.66 0.5 
0.7 0.5 
0.74 0.5 
0.78 0.5 
------------- pcacmi -------------
------------- space -------------
0.01 0.8352166 
0.02 0.8408663 
0.03 0.8451036 
0.04 0.85758 
0.05 0.8599341 
0.06 0.8660546 
0.07 0.8712335 
0.08 0.8766478 
0.09 0.877354 
0.1 0.8808851 
0.12 0.8870056 
0.14 0.8933616 
0.16 0.8987759 
0.18 0.9006591 
0.2 0.9060734 
0.22 0.9086629 
0.24 0.9091337 
0.26 0.9131356 
0.28 0.9164313 
0.3 0.893597 
0.32 0.8961864 
0.34 0.8990113 
0.36 0.8790019 
0.38 0.8794727 
0.4 0.8806497 
0.42 0.8806497 
0.44 0.8820621 
0.46 0.8844162 
0.48 0.8839454 
0.5 0.8872411 
0.54 0.8867702 
0.58 0.8615819 
0.62 0.8356874 
0.66 0.8090866 
0.7 0.7570621 
0.74 0.7332863 
0.78 0.7344633 
0.82 0.711629 
0.86 0.6840866 
0.9 0.6596045 
0.94 0.6624294 
0.98 0.5798023 
------------- BayesianGLasso -------------
------------- ena -------------
Constructing using GeneNet ... OK
Constructing using neighborhood selection ... OK
Constructing using GLASSO ... OK
Constructing using GLASSO-SF ... OK
Constructing using PCACMI ... OK
Constructing using SPACE ... OK
Constructing using BayesianGLasso ... OK
Ensembling network using ENA ... OK
Permutating ... OK
Calculating confidence ... OK
       GeneNet             NS         GLasso      GLasso-sf         PCACMI 
       0.71940        0.89284        0.86451        0.86144        0.91996 
         SPACE BayesianGLasso            ENA 
       0.84640        0.89925        0.92420 

i: 8; seed: 0
Working with data/temp/tiny.nSample100.sigma0.5.csv ...
=================================================

------------- GeneNet -------------
------------- NS -------------
0.01 0.2824692 0.8997175 
0.02 0.5622722 0.9013653 
0.03 0.8395725 0.9004237 
0.04 1.114525 0.9020716 
0.05 1.387276 0.9041902 
0.06 1.657965 0.9081921 
0.07 1.926724 0.9081921 
0.08 2.193682 0.9100753 
0.09 2.458957 0.9088983 
0.1 2.722667 0.9088983 
0.12 3.245832 0.9084275 
0.14 3.764021 0.9084275 
0.16 4.27802 0.905838 
0.18 4.788572 0.9011299 
0.2 5.296382 0.8895951 
0.22 5.802126 0.8910075 
0.24 6.306457 0.8933616 
0.26 6.810012 0.8917137 
0.28 7.313417 0.8921846 
0.3 7.817295 0.8893597 
0.32 8.322268 0.8964218 
0.34 8.828966 0.8985405 
0.36 9.338029 0.8797081 
0.38 9.850116 0.8806497 
0.4 10.36591 0.882533 
0.42 10.88612 0.8855932 
0.44 11.41151 0.8862994 
0.46 11.94286 0.8862994 
0.48 12.48103 0.8886535 
0.5 13.02695 0.8891243 
0.54 14.14612 0.8926554 
0.58 15.30964 0.8966573 
0.62 16.52901 0.8983051 
0.66 17.81901 0.9006591 
0.7 19.19927 0.9018362 
0.74 20.6971 0.9037194 
0.78 22.35244 0.905838 
0.82 24.22776 0.9063089 
0.86 26.43009 0.8820621 
0.9 29.16958 0.8822976 
0.94 32.96786 0.8561676 
0.98 40.08913 0.7756591 
------------- glasso -------------
0.01 0.9081921 
0.02 0.9048964 
0.03 0.8822976 
0.04 0.88371 
0.05 0.886064 
0.06 0.8898305 
0.07 0.8771186 
0.08 0.8778249 
0.09 0.88371 
0.1 0.886064 
0.12 0.9100753 
0.14 0.9124294 
0.16 0.893597 
0.18 0.8940678 
0.2 0.8950094 
0.22 0.895951 
0.24 0.8731168 
0.26 0.8752354 
0.28 0.8745292 
0.3 0.8742938 
0.32 0.846516 
0.34 0.8538136 
0.36 0.7987288 
0.38 0.8003766 
0.4 0.7733051 
0.42 0.7457627 
0.44 0.7478814 
0.46 0.7478814 
0.48 0.75 
0.5 0.7222222 
0.54 0.7222222 
0.58 0.6111111 
0.62 0.5833333 
0.66 0.5277778 
0.7 0.5 
0.74 0.5 
0.78 0.5 
------------- glassosf -------------
0.01 0.9072505 
0.02 0.9081921 
0.03 0.9011299 
0.04 0.8841808 
0.05 0.9084275 
0.06 0.8980697 
0.07 0.9065443 
0.08 0.9131356 
0.09 0.9140772 
0.1 0.9190207 
0.12 0.9187853 
0.14 0.8990113 
0.16 0.8491055 
0.18 0.8498117 
0.2 0.8293315 
0.22 0.8013183 
0.24 0.747646 
0.26 0.7222222 
0.28 0.7222222 
0.3 0.6111111 
0.32 0.5833333 
0.34 0.5277778 
0.36 0.5 
0.38 0.5 
0.4 0.5 
0.42 0.5 
0.44 0.5 
0.46 0.5 
0.48 0.5 
0.5 0.5 
0.54 0.5 
0.58 0.5 
0.62 0.5 
0.66 0.5 
0.7 0.5 
0.74 0.5 
0.78 0.5 
------------- pcacmi -------------
------------- space -------------
0.01 0.8999529 
0.02 0.9013653 
0.03 0.9027778 
0.04 0.9060734 
0.05 0.9063089 
0.06 0.9117232 
0.07 0.9067797 
0.08 0.9081921 
0.09 0.905838 
0.1 0.905838 
0.12 0.8895951 
0.14 0.8912429 
0.16 0.8926554 
0.18 0.8775895 
0.2 0.8806497 
0.22 0.8844162 
0.24 0.8877119 
0.26 0.8898305 
0.28 0.8921846 
0.3 0.8943032 
0.32 0.8966573 
0.34 0.8971281 
0.36 0.8978343 
0.38 0.8985405 
0.4 0.9004237 
0.42 0.8992467 
0.44 0.9011299 
0.46 0.8757062 
0.48 0.8764124 
0.5 0.8526365 
0.54 0.8538136 
0.58 0.8549906 
0.62 0.8559322 
0.66 0.8286252 
0.7 0.8013183 
0.74 0.8008475 
0.78 0.7735405 
0.82 0.7478814 
0.86 0.75 
0.9 0.75 
0.94 0.75 
0.98 0.75 
------------- BayesianGLasso -------------
------------- ena -------------
Constructing using GeneNet ... OK
Constructing using neighborhood selection ... OK
Constructing using GLASSO ... OK
Constructing using GLASSO-SF ... OK
Constructing using PCACMI ... OK
Constructing using SPACE ... OK
Constructing using BayesianGLasso ... OK
Ensembling network using ENA ... OK
Permutating ... OK
Calculating confidence ... OK
       GeneNet             NS         GLasso      GLasso-sf         PCACMI 
       0.85075        0.89054        0.83729        0.84519        0.91196 
         SPACE BayesianGLasso            ENA 
       0.83849        0.89995        0.90607 

i: 9; seed: 0
Working with data/temp/tiny.nSample100.sigma0.5.csv ...
=================================================

------------- GeneNet -------------
------------- NS -------------
0.01 0.2721308 0.8507533 
0.02 0.5416929 0.8528719 
0.03 0.8088439 0.8535782 
0.04 1.073733 0.856403 
0.05 1.336501 0.8542844 
0.06 1.597283 0.8589925 
0.07 1.856206 0.8571092 
0.08 2.113392 0.8604049 
0.09 2.368959 0.8582863 
0.1 2.623017 0.8625235 
0.12 3.127034 0.8627589 
0.14 3.626256 0.8559322 
0.16 4.121443 0.8455744 
0.18 4.613309 0.8507533 
0.2 5.102533 0.8528719 
0.22 5.589767 0.8596987 
0.24 6.075639 0.8625235 
0.26 6.560763 0.8655838 
0.28 7.045744 0.8688795 
0.3 7.53118 0.872646 
0.32 8.017671 0.877354 
0.34 8.505823 0.8790019 
0.36 8.996254 0.8830038 
0.38 9.489599 0.886064 
0.4 9.986514 0.8893597 
0.42 10.48769 0.8907721 
0.44 10.99384 0.8907721 
0.46 11.50575 0.8928908 
0.48 12.02422 0.8968927 
0.5 12.55016 0.8987759 
0.54 13.62837 0.9008945 
0.58 14.7493 0.8766478 
0.62 15.92405 0.8566384 
0.66 17.16683 0.8333333 
0.7 18.49657 0.8385122 
0.74 19.93958 0.8401601 
0.78 21.53433 0.8142655 
0.82 23.34102 0.7916667 
0.86 25.46275 0.7911959 
0.9 28.10196 0.7648305 
0.94 31.76123 0.7450565 
0.98 38.62185 0.7222222 
------------- glasso -------------
0.01 0.8693503 
0.02 0.8684087 
0.03 0.8672316 
0.04 0.8684087 
0.05 0.8757062 
0.06 0.8862994 
0.07 0.8872411 
0.08 0.8912429 
0.09 0.8926554 
0.1 0.8926554 
0.12 0.8968927 
0.14 0.8971281 
0.16 0.8547552 
0.18 0.8585217 
0.2 0.8095574 
0.22 0.8133239 
0.24 0.7879002 
0.26 0.7893126 
0.28 0.7648305 
0.3 0.7704802 
0.32 0.7452919 
0.34 0.7222222 
0.36 0.7222222 
0.38 0.6944444 
0.4 0.6388889 
0.42 0.6111111 
0.44 0.5833333 
0.46 0.5833333 
0.48 0.5833333 
0.5 0.5277778 
0.54 0.5277778 
0.58 0.5 
0.62 0.5 
0.66 0.5 
0.7 0.5 
0.74 0.5 
0.78 0.5 
------------- glassosf -------------
0.01 0.865113 
0.02 0.8700565 
0.03 0.8693503 
0.04 0.8754708 
0.05 0.8865348 
0.06 0.8912429 
0.07 0.8957156 
0.08 0.8933616 
0.09 0.8709981 
0.1 0.8288606 
0.12 0.8382768 
0.14 0.815678 
0.16 0.7707156 
0.18 0.7222222 
0.2 0.6944444 
0.22 0.6111111 
0.24 0.5833333 
0.26 0.5277778 
0.28 0.5277778 
0.3 0.5 
0.32 0.5 
0.34 0.5 
0.36 0.5 
0.38 0.5 
0.4 0.5 
0.42 0.5 
0.44 0.5 
0.46 0.5 
0.48 0.5 
0.5 0.5 
0.54 0.5 
0.58 0.5 
0.62 0.5 
0.66 0.5 
0.7 0.5 
0.74 0.5 
0.78 0.5 
------------- pcacmi -------------
------------- space -------------
0.01 0.8467514 
0.02 0.8568738 
0.03 0.8547552 
0.04 0.8620527 
0.05 0.8634652 
0.06 0.8611111 
0.07 0.8571092 
0.08 0.85758 
0.09 0.8509887 
0.1 0.8542844 
0.12 0.8672316 
0.14 0.872646 
0.16 0.8794727 
0.18 0.8865348 
0.2 0.8893597 
0.22 0.8931262 
0.24 0.8968927 
0.26 0.8778249 
0.28 0.8531073 
0.3 0.8333333 
0.32 0.8349812 
0.34 0.835452 
0.36 0.8380414 
0.38 0.8140301 
0.4 0.7893126 
0.42 0.7890772 
0.44 0.7893126 
0.46 0.7893126 
0.48 0.7645951 
0.5 0.7645951 
0.54 0.7650659 
0.58 0.7721281 
0.62 0.7452919 
0.66 0.7175141 
0.7 0.6944444 
0.74 0.6944444 
0.78 0.6666667 
0.82 0.6111111 
0.86 0.6111111 
0.9 0.6111111 
0.94 0.5833333 
0.98 0.5833333 
------------- BayesianGLasso -------------
------------- ena -------------
Constructing using GeneNet ... OK
Constructing using neighborhood selection ... OK
Constructing using GLASSO ... OK
Constructing using GLASSO-SF ... OK
Constructing using PCACMI ... OK
Constructing using SPACE ... OK
Constructing using BayesianGLasso ... OK
Ensembling network using ENA ... OK
Permutating ... OK
Calculating confidence ... OK
       GeneNet             NS         GLasso      GLasso-sf         PCACMI 
       0.76836        0.89504        0.81577        0.81159        0.89524 
         SPACE BayesianGLasso            ENA 
       0.83498        0.86135        0.87006 

i: 10; seed: 0
Working with data/temp/tiny.nSample100.sigma0.5.csv ...
=================================================

------------- GeneNet -------------
------------- NS -------------
0.01 0.2667518 0.8620527 
0.02 0.5309857 0.8618173 
0.03 0.7928562 0.8695857 
0.04 1.052509 0.8733522 
0.05 1.310084 0.8787665 
0.06 1.565711 0.884887 
0.07 1.819516 0.8858286 
0.08 2.071619 0.8926554 
0.09 2.322134 0.8987759 
0.1 2.57117 0.8992467 
0.12 3.065225 0.9107815 
0.14 3.55458 0.9192561 
0.16 4.039979 0.9305556 
0.18 4.522122 0.9395009 
0.2 5.001676 0.9409134 
0.22 5.479279 0.9482109 
0.24 5.955548 0.952919 
0.26 6.431083 0.9545669 
0.28 6.906477 0.9548023 
0.3 7.382318 0.9606874 
0.32 7.859193 0.9623352 
0.34 8.337697 0.9606874 
0.36 8.818434 0.9642185 
0.38 9.302027 0.9642185 
0.4 9.78912 0.9637476 
0.42 10.28039 0.9661017 
0.44 10.77654 0.9465631 
0.46 11.27832 0.9486817 
0.48 11.78655 0.9493879 
0.5 12.3021 0.9510358 
0.54 13.35899 0.9496234 
0.58 14.45777 0.9543315 
0.62 15.60929 0.9317326 
0.66 16.82751 0.9336158 
0.7 18.13096 0.9345574 
0.74 19.54545 0.9352637 
0.78 21.10868 0.9359699 
0.82 22.87966 0.9362053 
0.86 24.95945 0.9362053 
0.9 27.5465 0.9088983 
0.94 31.13343 0.9110169 
0.98 37.85845 0.8827684 
------------- glasso -------------
0.01 0.9072505 
0.02 0.9357345 
0.03 0.9522128 
0.04 0.9620998 
0.05 0.9661017 
0.06 0.9710452 
0.07 0.9738701 
0.08 0.9733992 
0.09 0.9701036 
0.1 0.972693 
0.12 0.969162 
0.14 0.9472693 
0.16 0.9456215 
0.18 0.9241996 
0.2 0.9239642 
0.22 0.9237288 
0.24 0.9253766 
0.26 0.9234934 
0.28 0.8990113 
0.3 0.8978343 
0.32 0.9013653 
0.34 0.8740584 
0.36 0.8733522 
0.38 0.8731168 
0.4 0.8721751 
0.42 0.8432203 
0.44 0.8182674 
0.46 0.8194444 
0.48 0.7923729 
0.5 0.7653013 
0.54 0.7151601 
0.58 0.7198682 
0.62 0.7222222 
0.66 0.6666667 
0.7 0.6111111 
0.74 0.5833333 
0.78 0.5555556 
------------- glassosf -------------
0.01 0.8966573 
0.02 0.9270245 
0.03 0.9515066 
0.04 0.9651601 
0.05 0.9722222 
0.06 0.9748117 
0.07 0.9759887 
0.08 0.9745763 
0.09 0.9724576 
0.1 0.9503296 
0.12 0.9493879 
0.14 0.9230226 
0.16 0.8990113 
0.18 0.8759416 
0.2 0.8740584 
0.22 0.8448682 
0.24 0.8199153 
0.26 0.7940207 
0.28 0.74129 
0.3 0.747646 
0.32 0.7222222 
0.34 0.7222222 
0.36 0.6111111 
0.38 0.5833333 
0.4 0.5555556 
0.42 0.5555556 
0.44 0.5 
0.46 0.5 
0.48 0.5 
0.5 0.5 
0.54 0.5 
0.58 0.5 
0.62 0.5 
0.66 0.5 
0.7 0.5 
0.74 0.5 
0.78 0.5 
------------- pcacmi -------------
------------- space -------------
0.01 0.856403 
0.02 0.8709981 
0.03 0.8806497 
0.04 0.8891243 
0.05 0.8968927 
0.06 0.9053672 
0.07 0.9147834 
0.08 0.9284369 
0.09 0.9286723 
0.1 0.9416196 
0.12 0.9550377 
0.14 0.962806 
0.16 0.9693974 
0.18 0.9696328 
0.2 0.970339 
0.22 0.9743409 
0.24 0.9710452 
0.26 0.9524482 
0.28 0.9526836 
0.3 0.9552731 
0.32 0.9310264 
0.34 0.9324388 
0.36 0.933145 
0.38 0.933145 
0.4 0.9333804 
0.42 0.933145 
0.44 0.933145 
0.46 0.9338512 
0.48 0.9345574 
0.5 0.9340866 
0.54 0.9338512 
0.58 0.9072505 
0.62 0.9072505 
0.66 0.9060734 
0.7 0.8811205 
0.74 0.8806497 
0.78 0.8815913 
0.82 0.854049 
0.86 0.826742 
0.9 0.7718927 
0.94 0.7718927 
0.98 0.7718927 
------------- BayesianGLasso -------------
------------- ena -------------
Constructing using GeneNet ... OK
Constructing using neighborhood selection ... OK
Constructing using GLASSO ... OK
Constructing using GLASSO-SF ... OK
Constructing using PCACMI ... OK
Constructing using SPACE ... OK
Constructing using BayesianGLasso ... OK
Ensembling network using ENA ... OK
Permutating ... OK
Calculating confidence ... OK
       GeneNet             NS         GLasso      GLasso-sf         PCACMI 
       0.50000        0.96992        0.88175        0.87462        0.93385 
         SPACE BayesianGLasso            ENA 
       0.91722        0.95598        0.96610 

