WARNING: ignoring environment value of R_HOME
$noise
[1] 1

$plot
[1] TRUE

$rounds
[1] 10

$samp
[1] 50

$seed
[1] 0

$simu
[1] "ggm"

$size
[1] "tiny"

$verbose
[1] TRUE

i: 1; seed: 0
Working with data/temp/tiny.nSample50.sigma1.csv ...
=================================================

------------- GeneNet -------------
------------- NS -------------
0.01 0.2649607 0.6014595 
0.02 0.5274204 0.6054614 
0.03 0.7875325 0.6120527 
0.04 1.045442 0.6155838 
0.05 1.301287 0.6148776 
0.06 1.555198 0.6205273 
0.07 1.807299 0.622646 
0.08 2.057709 0.6217043 
0.09 2.306541 0.6278249 
0.1 2.553906 0.6285311 
0.12 3.044643 0.6433616 
0.14 3.530712 0.6471281 
0.16 4.012852 0.6596045 
0.18 4.491758 0.663371 
0.2 4.968092 0.6713748 
0.22 5.442488 0.6669021 
0.24 5.915558 0.6730226 
0.26 6.387901 0.6777307 
0.28 6.860103 0.6840866 
0.3 7.332748 0.6760829 
0.32 7.806421 0.684322 
0.34 8.281712 0.6852637 
0.36 8.759221 0.6854991 
0.38 9.239567 0.6760829 
0.4 9.72339 0.6812618 
0.42 10.21136 0.683145 
0.44 10.70418 0.6869115 
0.46 11.20259 0.6925612 
0.48 11.70741 0.6970339 
0.5 12.21949 0.7120998 
0.54 13.26929 0.7182203 
0.58 14.36069 0.7255179 
0.62 15.50448 0.7106874 
0.66 16.71452 0.6730226 
0.7 18.00922 0.6840866 
0.74 19.41421 0.6944444 
0.78 20.96695 0.6993879 
0.82 22.72603 0.6800847 
0.86 24.79185 0.6803202 
0.9 27.36153 0.6071092 
0.94 30.92438 0.6153484 
0.98 37.60425 0.5517891 
------------- glasso -------------
0.01 0.6165254 
0.02 0.6264124 
0.03 0.6428908 
0.04 0.6520716 
0.05 0.6579567 
0.06 0.6716102 
0.07 0.6779661 
0.08 0.6883239 
0.09 0.6767891 
0.1 0.6730226 
0.12 0.6833804 
0.14 0.690678 
0.16 0.681968 
0.18 0.7038606 
0.2 0.7052731 
0.22 0.7186911 
0.24 0.7259887 
0.26 0.7299906 
0.28 0.6897363 
0.3 0.7085687 
0.32 0.6883239 
0.34 0.691855 
0.36 0.6953861 
0.38 0.6993879 
0.4 0.6789077 
0.42 0.6779661 
0.44 0.6810264 
0.46 0.6814972 
0.48 0.6330038 
0.5 0.6054614 
0.54 0.5946328 
0.58 0.5955744 
0.62 0.5477872 
0.66 0.5515537 
0.7 0.5515537 
0.74 0.5277778 
0.78 0.5277778 
------------- glassosf -------------
0.01 0.6205273 
0.02 0.6315913 
0.03 0.6440678 
0.04 0.655838 
0.05 0.664548 
0.06 0.6826742 
0.07 0.6786723 
0.08 0.6779661 
0.09 0.6836158 
0.1 0.6904426 
0.12 0.7050377 
0.14 0.7217514 
0.16 0.6852637 
0.18 0.684322 
0.2 0.6932674 
0.22 0.674435 
0.24 0.6796139 
0.26 0.6047552 
0.28 0.5908663 
0.3 0.5955744 
0.32 0.5515537 
0.34 0.5515537 
0.36 0.5237759 
0.38 0.5277778 
0.4 0.5277778 
0.42 0.5 
0.44 0.5 
0.46 0.5 
0.48 0.5 
0.5 0.5 
0.54 0.5 
0.58 0.5 
0.62 0.5 
0.66 0.5 
0.7 0.5 
0.74 0.5 
0.78 0.5 
------------- pcacmi -------------
------------- space -------------
0.01 0.6031073 
0.02 0.606403 
0.03 0.6160546 
0.04 0.6181733 
0.05 0.6146422 
0.06 0.6202919 
0.07 0.6217043 
0.08 0.6259416 
0.09 0.6318267 
0.1 0.6344162 
0.12 0.6452448 
0.14 0.6511299 
0.16 0.6631356 
0.18 0.6694915 
0.2 0.6734934 
0.22 0.6716102 
0.24 0.6756121 
0.26 0.6869115 
0.28 0.6786723 
0.3 0.6883239 
0.32 0.6916196 
0.34 0.6937382 
0.36 0.6852637 
0.38 0.6880885 
0.4 0.693032 
0.42 0.6989171 
0.44 0.7052731 
0.46 0.7118644 
0.48 0.7132768 
0.5 0.7224576 
0.54 0.7090395 
0.58 0.6939736 
0.62 0.6779661 
0.66 0.6876177 
0.7 0.6920904 
0.74 0.6944444 
0.78 0.7012712 
0.82 0.7022128 
0.86 0.7019774 
0.9 0.6793785 
0.94 0.680791 
0.98 0.6810264 
------------- BayesianGLasso -------------
------------- ena -------------
Constructing using GeneNet ... OK
Constructing using neighborhood selection ... OK
Constructing using GLASSO ... OK
Constructing using GLASSO-SF ... OK
Constructing using PCACMI ... OK
Constructing using SPACE ... OK
Constructing using BayesianGLasso ... OK
Ensembling network using ENA ... OK
Permutating ... OK
Calculating confidence ... OK
       GeneNet             NS         GLasso      GLasso-sf         PCACMI 
       0.50000        0.70641        0.64372        0.63988        0.70339 
         SPACE BayesianGLasso            ENA 
       0.65679        0.68644        0.68526 

i: 2; seed: 0
Working with data/temp/tiny.nSample50.sigma1.csv ...
=================================================

------------- GeneNet -------------
------------- NS -------------
0.01 0.2027486 0.569209 
0.02 0.4035835 0.5725047 
0.03 0.602622 0.5781544 
0.04 0.7999752 0.5762712 
0.05 0.9957484 0.5798023 
0.06 1.190041 0.5821563 
0.07 1.38295 0.5894539 
0.08 1.574564 0.5929849 
0.09 1.764972 0.5948682 
0.1 1.954256 0.6019303 
0.12 2.329769 0.6122881 
0.14 2.70171 0.6188795 
0.16 3.070645 0.617467 
0.18 3.437105 0.6282957 
0.2 3.801597 0.6266478 
0.22 4.164607 0.6299435 
0.24 4.526601 0.6381827 
0.26 4.888039 0.6520716 
0.28 5.249369 0.6584275 
0.3 5.611039 0.6624294 
0.32 5.973495 0.6713748 
0.34 6.337189 0.672081 
0.36 6.70258 0.6711394 
0.38 7.070142 0.6803202 
0.4 7.440365 0.6713748 
0.42 7.813759 0.6734934 
0.44 8.190865 0.6765537 
0.46 8.572256 0.6871469 
0.48 8.958543 0.6883239 
0.5 9.350388 0.693032 
0.54 10.1537 0.701742 
0.58 10.98884 0.7123352 
0.62 11.86407 0.700565 
0.66 12.78999 0.6798493 
0.7 13.78071 0.6824388 
0.74 14.85581 0.6466573 
0.78 16.04396 0.6584275 
0.82 17.39002 0.6386535 
0.86 18.97079 0.6393597 
0.9 20.93712 0.6224105 
0.94 23.66342 0.5805085 
0.98 28.77487 0.5713277 
------------- glasso -------------
0.01 0.5701507 
0.02 0.6028719 
0.03 0.6252354 
0.04 0.6381827 
0.05 0.6483051 
0.06 0.6574859 
0.07 0.6711394 
0.08 0.6866761 
0.09 0.6956215 
0.1 0.6932674 
0.12 0.7055085 
0.14 0.6772599 
0.16 0.6913842 
0.18 0.6986817 
0.2 0.710452 
0.22 0.7217514 
0.24 0.7266949 
0.26 0.731403 
0.28 0.7156309 
0.3 0.7102166 
0.32 0.7130414 
0.34 0.6946798 
0.36 0.7000942 
0.38 0.7026836 
0.4 0.6822034 
0.42 0.6857345 
0.44 0.6902072 
0.46 0.6433616 
0.48 0.6207627 
0.5 0.6245292 
0.54 0.6313559 
0.58 0.584275 
0.62 0.587806 
0.66 0.568032 
0.7 0.5713277 
0.74 0.5748588 
0.78 0.5783898 
------------- glassosf -------------
0.01 0.5685028 
0.02 0.5958098 
0.03 0.6165254 
0.04 0.6452448 
0.05 0.6570151 
0.06 0.6751412 
0.07 0.6956215 
0.08 0.6911488 
0.09 0.6880885 
0.1 0.6989171 
0.12 0.7033898 
0.14 0.7179849 
0.16 0.7132768 
0.18 0.7048023 
0.2 0.7222222 
0.22 0.6838512 
0.24 0.6859699 
0.26 0.6464218 
0.28 0.6299435 
0.3 0.6108757 
0.32 0.5875706 
0.34 0.5642655 
0.36 0.5713277 
0.38 0.5750942 
0.4 0.5783898 
0.42 0.5510829 
0.44 0.5235405 
0.46 0.5233051 
0.48 0.5235405 
0.5 0.4957627 
0.54 0.5 
0.58 0.5 
0.62 0.5 
0.66 0.5 
0.7 0.5 
0.74 0.5 
0.78 0.5 
------------- pcacmi -------------
------------- space -------------
0.01 0.5652072 
0.02 0.5694444 
0.03 0.5753296 
0.04 0.5765066 
0.05 0.579096 
0.06 0.5882768 
0.07 0.5922787 
0.08 0.5962806 
0.09 0.6009887 
0.1 0.6047552 
0.12 0.6155838 
0.14 0.6264124 
0.16 0.6285311 
0.18 0.6290019 
0.2 0.6421846 
0.22 0.6513653 
0.24 0.6676083 
0.26 0.6756121 
0.28 0.6798493 
0.3 0.6669021 
0.32 0.6760829 
0.34 0.683145 
0.36 0.6869115 
0.38 0.6765537 
0.4 0.6772599 
0.42 0.6862053 
0.44 0.6909134 
0.46 0.6984463 
0.48 0.6817326 
0.5 0.6836158 
0.54 0.6850282 
0.58 0.6960923 
0.62 0.6774953 
0.66 0.6626648 
0.7 0.6697269 
0.74 0.6767891 
0.78 0.6817326 
0.82 0.6607815 
0.86 0.6428908 
0.9 0.6428908 
0.94 0.6209981 
0.98 0.6240584 
------------- BayesianGLasso -------------
------------- ena -------------
Constructing using GeneNet ... OK
Constructing using neighborhood selection ... OK
Constructing using GLASSO ... OK
Constructing using GLASSO-SF ... OK
Constructing using PCACMI ... OK
Constructing using SPACE ... OK
Constructing using BayesianGLasso ... OK
Ensembling network using ENA ... OK
Permutating ... OK
Calculating confidence ... OK
       GeneNet             NS         GLasso      GLasso-sf         PCACMI 
       0.50000        0.69917        0.68852        0.67962        0.74694 
         SPACE BayesianGLasso            ENA 
       0.64010        0.72434        0.71610 

i: 3; seed: 0
Working with data/temp/tiny.nSample50.sigma1.csv ...
=================================================

------------- GeneNet -------------
------------- NS -------------
0.01 0.2256661 0.5607345 
0.02 0.4492022 0.5597928 
0.03 0.6707388 0.5586158 
0.04 0.8903996 0.558145 
0.05 1.108302 0.5616761 
0.06 1.324557 0.558145 
0.07 1.53927 0.5633239 
0.08 1.752544 0.5661488 
0.09 1.964474 0.569209 
0.1 2.175153 0.5736817 
0.12 2.593112 0.5710923 
0.14 3.007096 0.579096 
0.16 3.417732 0.5840395 
0.18 3.825615 0.5901601 
0.2 4.231307 0.5960452 
0.22 4.635349 0.606403 
0.24 5.038261 0.6122881 
0.26 5.440554 0.6313559 
0.28 5.842727 0.6184087 
0.3 6.245277 0.623823 
0.32 6.648703 0.6344162 
0.34 7.053506 0.6407721 
0.36 7.4602 0.643597 
0.38 7.869309 0.6511299 
0.4 8.281379 0.6567797 
0.42 8.69698 0.6417137 
0.44 9.116712 0.6428908 
0.46 9.541212 0.6497175 
0.48 9.971163 0.6516008 
0.5 10.4073 0.6511299 
0.54 11.30141 0.6563089 
0.58 12.23095 0.6499529 
0.62 13.20512 0.6530132 
0.66 14.2357 0.644774 
0.7 15.33839 0.6377119 
0.74 16.53502 0.6207627 
0.78 17.85748 0.6308851 
0.82 19.35568 0.6553672 
0.86 21.11514 0.6607815 
0.9 23.30373 0.6659605 
0.94 26.33819 0.6186441 
0.98 32.02741 0.6021657 
------------- glasso -------------
0.01 0.5663842 
0.02 0.5734463 
0.03 0.5943974 
0.04 0.6132298 
0.05 0.6191149 
0.06 0.6428908 
0.07 0.6525424 
0.08 0.6506591 
0.09 0.6565443 
0.1 0.645951 
0.12 0.6607815 
0.14 0.6235876 
0.16 0.6372411 
0.18 0.6518362 
0.2 0.6560734 
0.22 0.6629002 
0.24 0.6734934 
0.26 0.6826742 
0.28 0.672081 
0.3 0.6723164 
0.32 0.690678 
0.34 0.7015066 
0.36 0.6878531 
0.38 0.6716102 
0.4 0.6749058 
0.42 0.6565443 
0.44 0.6600753 
0.46 0.6666667 
0.48 0.665725 
0.5 0.6704331 
0.54 0.6466573 
0.58 0.6231168 
0.62 0.5983992 
0.66 0.6028719 
0.7 0.5477872 
0.74 0.5517891 
0.78 0.5515537 
------------- glassosf -------------
0.01 0.5732109 
0.02 0.5776836 
0.03 0.5925141 
0.04 0.6082863 
0.05 0.6231168 
0.06 0.6372411 
0.07 0.6440678 
0.08 0.6574859 
0.09 0.6551318 
0.1 0.6650188 
0.12 0.6551318 
0.14 0.6652542 
0.16 0.6909134 
0.18 0.6937382 
0.2 0.6895009 
0.22 0.6723164 
0.24 0.6887947 
0.26 0.6975047 
0.28 0.6480697 
0.3 0.6504237 
0.32 0.6264124 
0.34 0.5753296 
0.36 0.5515537 
0.38 0.5517891 
0.4 0.5515537 
0.42 0.5517891 
0.44 0.5555556 
0.46 0.5555556 
0.48 0.5 
0.5 0.5 
0.54 0.5 
0.58 0.5 
0.62 0.5 
0.66 0.5 
0.7 0.5 
0.74 0.5 
0.78 0.5 
------------- pcacmi -------------
------------- space -------------
0.01 0.5600282 
0.02 0.5602637 
0.03 0.5550847 
0.04 0.5621469 
0.05 0.5626177 
0.06 0.5574388 
0.07 0.5602637 
0.08 0.5574388 
0.09 0.5600282 
0.1 0.5642655 
0.12 0.5720339 
0.14 0.5899247 
0.16 0.5958098 
0.18 0.6078154 
0.2 0.6153484 
0.22 0.6235876 
0.24 0.6313559 
0.26 0.63371 
0.28 0.6134652 
0.3 0.6209981 
0.32 0.6294727 
0.34 0.6358286 
0.36 0.6388889 
0.38 0.6398305 
0.4 0.6452448 
0.42 0.6275895 
0.44 0.6275895 
0.46 0.632533 
0.48 0.6391243 
0.5 0.6377119 
0.54 0.6475989 
0.58 0.615113 
0.62 0.6169962 
0.66 0.6294727 
0.7 0.6365348 
0.74 0.6339454 
0.78 0.6421846 
0.82 0.6508945 
0.86 0.6560734 
0.9 0.6586629 
0.94 0.6638418 
0.98 0.6666667 
------------- BayesianGLasso -------------
------------- ena -------------
Constructing using GeneNet ... OK
Constructing using neighborhood selection ... OK
Constructing using GLASSO ... OK
Constructing using GLASSO-SF ... OK
Constructing using PCACMI ... OK
Constructing using SPACE ... OK
Constructing using BayesianGLasso ... OK
Ensembling network using ENA ... OK
Permutating ... OK
Calculating confidence ... OK
       GeneNet             NS         GLasso      GLasso-sf         PCACMI 
       0.50000        0.67567        0.64668        0.65415        0.64195 
         SPACE BayesianGLasso            ENA 
       0.60551        0.66596        0.65984 

i: 4; seed: 0
Working with data/temp/tiny.nSample50.sigma1.csv ...
=================================================

------------- GeneNet -------------
------------- NS -------------
0.01 0.2239082 0.6508945 
0.02 0.4457029 0.6525424 
0.03 0.6655138 0.6577213 
0.04 0.8834635 0.662194 
0.05 1.099668 0.6706685 
0.06 1.314238 0.6673729 
0.07 1.527279 0.6680791 
0.08 1.738891 0.6751412 
0.09 1.94917 0.6871469 
0.1 2.158209 0.6960923 
0.12 2.572912 0.6960923 
0.14 2.983671 0.7059793 
0.16 3.391108 0.7102166 
0.18 3.795814 0.7071563 
0.2 4.198346 0.7139831 
0.22 4.59924 0.7210452 
0.24 4.999014 0.7321092 
0.26 5.398172 0.7372881 
0.28 5.797212 0.7431733 
0.3 6.196627 0.7323446 
0.32 6.59691 0.7193974 
0.34 6.99856 0.7208098 
0.36 7.402085 0.7248117 
0.38 7.808007 0.7182203 
0.4 8.216868 0.7259887 
0.42 8.629231 0.7130414 
0.44 9.045693 0.7043315 
0.46 9.466887 0.6946798 
0.48 9.893488 0.6563089 
0.5 10.32623 0.636064 
0.54 11.21337 0.6297081 
0.58 12.13567 0.6344162 
0.62 13.10225 0.6398305 
0.66 14.1248 0.6212335 
0.7 15.21891 0.6021657 
0.74 16.40621 0.5852166 
0.78 17.71837 0.5859228 
0.82 19.20491 0.5936911 
0.86 20.95065 0.5475518 
0.9 23.12219 0.5353107 
0.94 26.13302 0.5343691 
0.98 31.77792 0.5423729 
------------- glasso -------------
0.01 0.7163371 
0.02 0.7361111 
0.03 0.7443503 
0.04 0.7577684 
0.05 0.7730697 
0.06 0.7761299 
0.07 0.7612994 
0.08 0.7714218 
0.09 0.7740113 
0.1 0.7723635 
0.12 0.7641243 
0.14 0.7139831 
0.16 0.7274011 
0.18 0.6685499 
0.2 0.6869115 
0.22 0.6551318 
0.24 0.6636064 
0.26 0.6207627 
0.28 0.623823 
0.3 0.6320621 
0.32 0.6056968 
0.34 0.5830979 
0.36 0.5637947 
0.38 0.5734463 
0.4 0.5576742 
0.42 0.5355461 
0.44 0.5350753 
0.46 0.5386064 
0.48 0.5390772 
0.5 0.5386064 
0.54 0.5423729 
0.58 0.5421375 
0.62 0.5423729 
0.66 0.5461394 
0.7 0.5190678 
0.74 0.4915254 
0.78 0.4957627 
------------- glassosf -------------
0.01 0.7050377 
0.02 0.7332863 
0.03 0.7396422 
0.04 0.7551789 
0.05 0.76742 
0.06 0.7688324 
0.07 0.7756591 
0.08 0.7758945 
0.09 0.7744821 
0.1 0.7358757 
0.12 0.6829096 
0.14 0.6407721 
0.16 0.6285311 
0.18 0.6144068 
0.2 0.5706215 
0.22 0.5621469 
0.24 0.5388418 
0.26 0.5390772 
0.28 0.5426083 
0.3 0.5428437 
0.32 0.5466102 
0.34 0.5461394 
0.36 0.5188324 
0.38 0.4915254 
0.4 0.4957627 
0.42 0.5 
0.44 0.5 
0.46 0.5 
0.48 0.5 
0.5 0.5 
0.54 0.5 
0.58 0.5 
0.62 0.5 
0.66 0.5 
0.7 0.5 
0.74 0.5 
0.78 0.5 
------------- pcacmi -------------
------------- space -------------
0.01 0.6426554 
0.02 0.6483051 
0.03 0.6485405 
0.04 0.6532486 
0.05 0.6624294 
0.06 0.6652542 
0.07 0.6756121 
0.08 0.6760829 
0.09 0.6913842 
0.1 0.6920904 
0.12 0.7055085 
0.14 0.7071563 
0.16 0.7149247 
0.18 0.7252825 
0.2 0.7212806 
0.22 0.7135122 
0.24 0.7269303 
0.26 0.7156309 
0.28 0.7146893 
0.3 0.7059793 
0.32 0.7071563 
0.34 0.7059793 
0.36 0.6829096 
0.38 0.6676083 
0.4 0.6127589 
0.42 0.6205273 
0.44 0.6299435 
0.46 0.6327684 
0.48 0.6372411 
0.5 0.6367702 
0.54 0.6405367 
0.58 0.606403 
0.62 0.6087571 
0.66 0.6115819 
0.7 0.6146422 
0.74 0.6235876 
0.78 0.6009887 
0.82 0.6042844 
0.86 0.5812147 
0.9 0.5583804 
0.94 0.5320151 
0.98 0.539548 
------------- BayesianGLasso -------------
------------- ena -------------
Constructing using GeneNet ... OK
Constructing using neighborhood selection ... OK
Constructing using GLASSO ... OK
Constructing using GLASSO-SF ... OK
Constructing using PCACMI ... OK
Constructing using SPACE ... OK
Constructing using BayesianGLasso ... OK
Ensembling network using ENA ... OK
Permutating ... OK
Calculating confidence ... OK
       GeneNet             NS         GLasso      GLasso-sf         PCACMI 
       0.49576        0.76274        0.70949        0.71871        0.75377 
         SPACE BayesianGLasso            ENA 
       0.70070        0.74364        0.76554 

i: 5; seed: 0
Working with data/temp/tiny.nSample50.sigma1.csv ...
=================================================

------------- GeneNet -------------
------------- NS -------------
0.01 0.2314608 0.6650188 
0.02 0.4607368 0.6683145 
0.03 0.687962 0.6718456 
0.04 0.9132632 0.6723164 
0.05 1.136761 0.674435 
0.06 1.358569 0.6791431 
0.07 1.578795 0.6774953 
0.08 1.797545 0.6723164 
0.09 2.014917 0.6789077 
0.1 2.231006 0.6803202 
0.12 2.659698 0.6946798 
0.14 3.084312 0.680791 
0.16 3.505493 0.6916196 
0.18 3.923849 0.7000942 
0.2 4.339959 0.7085687 
0.22 4.754375 0.6996234 
0.24 5.167633 0.7088041 
0.26 5.580256 0.6993879 
0.28 5.992756 0.7080979 
0.3 6.405643 0.7139831 
0.32 6.819428 0.7205744 
0.34 7.234626 0.7271657 
0.36 7.651762 0.7109228 
0.38 8.071376 0.7172787 
0.4 8.494028 0.7212806 
0.42 8.9203 0.7283427 
0.44 9.35081 0.7257533 
0.46 9.786211 0.7337571 
0.48 10.2272 0.7403484 
0.5 10.67454 0.7457627 
0.54 11.59161 0.7278719 
0.58 12.54502 0.7349341 
0.62 13.5442 0.7179849 
0.66 14.60124 0.7264595 
0.7 15.73225 0.7106874 
0.74 16.9596 0.6939736 
0.78 18.31602 0.7038606 
0.82 19.8527 0.6935028 
0.86 21.65733 0.6944444 
0.9 23.90212 0.6734934 
0.94 27.0145 0.6730226 
0.98 32.84981 0.6344162 
------------- glasso -------------
0.01 0.6782015 
0.02 0.6876177 
0.03 0.7024482 
0.04 0.6953861 
0.05 0.7083333 
0.06 0.7182203 
0.07 0.7243409 
0.08 0.7384652 
0.09 0.7438795 
0.1 0.7306968 
0.12 0.7485876 
0.14 0.7556497 
0.16 0.7683616 
0.18 0.7634181 
0.2 0.7617702 
0.22 0.7535311 
0.24 0.7344633 
0.26 0.7448211 
0.28 0.7193974 
0.3 0.7278719 
0.32 0.7339925 
0.34 0.684322 
0.36 0.6949153 
0.38 0.6758475 
0.4 0.6796139 
0.42 0.6798493 
0.44 0.680791 
0.46 0.6838512 
0.48 0.6911488 
0.5 0.693032 
0.54 0.6697269 
0.58 0.6468927 
0.62 0.6475989 
0.66 0.655838 
0.7 0.6313559 
0.74 0.6073446 
0.78 0.5555556 
------------- glassosf -------------
0.01 0.6782015 
0.02 0.6935028 
0.03 0.6998588 
0.04 0.7125706 
0.05 0.7137476 
0.06 0.7323446 
0.07 0.7328154 
0.08 0.7462335 
0.09 0.7450565 
0.1 0.7660075 
0.12 0.7589454 
0.14 0.7344633 
0.16 0.7241055 
0.18 0.7330508 
0.2 0.6970339 
0.22 0.6765537 
0.24 0.6840866 
0.26 0.6876177 
0.28 0.6687853 
0.3 0.6727872 
0.32 0.6487759 
0.34 0.6494821 
0.36 0.6600753 
0.38 0.6073446 
0.4 0.6111111 
0.42 0.5555556 
0.44 0.5555556 
0.46 0.5555556 
0.48 0.5555556 
0.5 0.5277778 
0.54 0.5 
0.58 0.5 
0.62 0.5 
0.66 0.5 
0.7 0.5 
0.74 0.5 
0.78 0.5 
------------- pcacmi -------------
------------- space -------------
0.01 0.6600753 
0.02 0.6697269 
0.03 0.6704331 
0.04 0.6772599 
0.05 0.6749058 
0.06 0.6859699 
0.07 0.6774953 
0.08 0.6826742 
0.09 0.6840866 
0.1 0.6838512 
0.12 0.6951507 
0.14 0.6984463 
0.16 0.6986817 
0.18 0.7024482 
0.2 0.7111582 
0.22 0.7205744 
0.24 0.6970339 
0.26 0.7099812 
0.28 0.7158663 
0.3 0.7036252 
0.32 0.7085687 
0.34 0.7163371 
0.36 0.7219868 
0.38 0.7243409 
0.4 0.7342279 
0.42 0.7339925 
0.44 0.7398776 
0.46 0.742467 
0.48 0.7438795 
0.5 0.7050377 
0.54 0.7113936 
0.58 0.6993879 
0.62 0.702919 
0.66 0.7083333 
0.7 0.7111582 
0.74 0.6911488 
0.78 0.6798493 
0.82 0.6812618 
0.86 0.6850282 
0.9 0.6619586 
0.94 0.6692561 
0.98 0.6723164 
------------- BayesianGLasso -------------
------------- ena -------------
Constructing using GeneNet ... OK
Constructing using neighborhood selection ... OK
Constructing using GLASSO ... OK
Constructing using GLASSO-SF ... OK
Constructing using PCACMI ... OK
Constructing using SPACE ... OK
Constructing using BayesianGLasso ... OK
Ensembling network using ENA ... OK
Permutating ... OK
Calculating confidence ... OK
       GeneNet             NS         GLasso      GLasso-sf         PCACMI 
       0.50000        0.78261        0.72870        0.72069        0.76271 
         SPACE BayesianGLasso            ENA 
       0.72442        0.73799        0.75071 

i: 6; seed: 0
Working with data/temp/tiny.nSample50.sigma1.csv ...
=================================================

------------- GeneNet -------------
------------- NS -------------
0.01 0.2494284 0.6002825 
0.02 0.4965024 0.6066384 
0.03 0.7413665 0.606403 
0.04 0.9841572 0.6073446 
0.05 1.225004 0.605226 
0.06 1.46403 0.6033427 
0.07 1.701353 0.6099341 
0.08 1.937083 0.6179379 
0.09 2.171329 0.606403 
0.1 2.404193 0.6071092 
0.12 2.866163 0.6132298 
0.14 3.323738 0.617467 
0.16 3.777614 0.6144068 
0.18 4.228446 0.6217043 
0.2 4.676857 0.6165254 
0.22 5.123443 0.6264124 
0.24 5.568782 0.634887 
0.26 6.013435 0.6254708 
0.28 6.457956 0.6330038 
0.3 6.902894 0.6370056 
0.32 7.3488 0.6443032 
0.34 7.796229 0.6487759 
0.36 8.245746 0.6525424 
0.38 8.697933 0.6541902 
0.4 9.153394 0.6607815 
0.42 9.612757 0.664548 
0.44 10.07669 0.6487759 
0.46 10.54589 0.6572505 
0.48 11.02111 0.6553672 
0.5 11.50317 0.6570151 
0.54 12.49143 0.6605461 
0.58 13.51885 0.6438324 
0.62 14.59559 0.6355932 
0.66 15.73469 0.6426554 
0.7 16.9535 0.6539548 
0.74 18.27613 0.6565443 
0.78 19.73784 0.6184087 
0.82 21.39381 0.6111111 
0.86 23.33853 0.547081 
0.9 25.75757 0.5477872 
0.94 29.11156 0.5294256 
0.98 35.39984 0.5145951 
------------- glasso -------------
0.01 0.6202919 
0.02 0.6285311 
0.03 0.6311205 
0.04 0.6245292 
0.05 0.6285311 
0.06 0.6351224 
0.07 0.6483051 
0.08 0.6485405 
0.09 0.6624294 
0.1 0.6654896 
0.12 0.6739642 
0.14 0.6563089 
0.16 0.664548 
0.18 0.6701977 
0.2 0.6600753 
0.22 0.6617232 
0.24 0.6379473 
0.26 0.6497175 
0.28 0.6242938 
0.3 0.6266478 
0.32 0.6372411 
0.34 0.6132298 
0.36 0.6014595 
0.38 0.5833333 
0.4 0.5506121 
0.42 0.5614407 
0.44 0.5423729 
0.46 0.5501412 
0.48 0.5501412 
0.5 0.5501412 
0.54 0.5539077 
0.58 0.5346045 
0.62 0.5150659 
0.66 0.5157721 
0.7 0.5277778 
0.74 0.5277778 
0.78 0.5 
------------- glassosf -------------
0.01 0.617467 
0.02 0.6315913 
0.03 0.6134652 
0.04 0.6294727 
0.05 0.6334746 
0.06 0.6478343 
0.07 0.6556026 
0.08 0.6671375 
0.09 0.663371 
0.1 0.6553672 
0.12 0.6647834 
0.14 0.6315913 
0.16 0.6169962 
0.18 0.6318267 
0.2 0.5682674 
0.22 0.5287194 
0.24 0.5435499 
0.26 0.5506121 
0.28 0.5534369 
0.3 0.5346045 
0.32 0.5150659 
0.34 0.5150659 
0.36 0.5277778 
0.38 0.5 
0.4 0.5 
0.42 0.5 
0.44 0.5 
0.46 0.5 
0.48 0.5 
0.5 0.5 
0.54 0.5 
0.58 0.5 
0.62 0.5 
0.66 0.5 
0.7 0.5 
0.74 0.5 
0.78 0.5 
------------- pcacmi -------------
------------- space -------------
0.01 0.5939266 
0.02 0.6021657 
0.03 0.6042844 
0.04 0.6047552 
0.05 0.6042844 
0.06 0.6080508 
0.07 0.6111111 
0.08 0.6087571 
0.09 0.6158192 
0.1 0.6129944 
0.12 0.6092279 
0.14 0.6092279 
0.16 0.6101695 
0.18 0.6193503 
0.2 0.6191149 
0.22 0.6264124 
0.24 0.634887 
0.26 0.6290019 
0.28 0.6362994 
0.3 0.6426554 
0.32 0.645951 
0.34 0.6466573 
0.36 0.653484 
0.38 0.6586629 
0.4 0.6591337 
0.42 0.6631356 
0.44 0.6485405 
0.46 0.6457156 
0.48 0.6499529 
0.5 0.6508945 
0.54 0.6193503 
0.58 0.6242938 
0.62 0.6353578 
0.66 0.6419492 
0.7 0.6257062 
0.74 0.6059322 
0.78 0.5875706 
0.82 0.5955744 
0.86 0.555791 
0.9 0.5590866 
0.94 0.5411959 
0.98 0.5484934 
------------- BayesianGLasso -------------
------------- ena -------------
Constructing using GeneNet ... OK
Constructing using neighborhood selection ... OK
Constructing using GLASSO ... OK
Constructing using GLASSO-SF ... OK
Constructing using PCACMI ... OK
Constructing using SPACE ... OK
Constructing using BayesianGLasso ... OK
Ensembling network using ENA ... OK
Permutating ... OK
Calculating confidence ... OK
       GeneNet             NS         GLasso      GLasso-sf         PCACMI 
       0.53296        0.67106        0.59343        0.57861        0.68974 
         SPACE BayesianGLasso            ENA 
       0.59420        0.67867        0.66831 

i: 7; seed: 0
Working with data/temp/tiny.nSample50.sigma1.csv ...
=================================================

------------- GeneNet -------------
------------- NS -------------
0.01 0.2566572 0.5564972 
0.02 0.5108917 0.5527307 
0.03 0.7628523 0.5529661 
0.04 1.012679 0.5508475 
0.05 1.260506 0.5503766 
0.06 1.50646 0.5536723 
0.07 1.75066 0.5499058 
0.08 1.993223 0.5522599 
0.09 2.234258 0.5532015 
0.1 2.47387 0.5522599 
0.12 2.949228 0.5506121 
0.14 3.420064 0.5539077 
0.16 3.887094 0.5628531 
0.18 4.350992 0.568032 
0.2 4.812399 0.5666196 
0.22 5.271928 0.5699153 
0.24 5.730173 0.5583804 
0.26 6.187713 0.5647363 
0.28 6.645117 0.5682674 
0.3 7.10295 0.5720339 
0.32 7.561779 0.5760358 
0.34 8.022175 0.5828625 
0.36 8.48472 0.5805085 
0.38 8.950012 0.5894539 
0.4 9.418672 0.5925141 
0.42 9.891349 0.6000471 
0.44 10.36872 0.5986347 
0.46 10.85152 0.6026365 
0.48 11.34052 0.6071092 
0.5 11.83655 0.6155838 
0.54 12.85345 0.6184087 
0.58 13.91064 0.6294727 
0.62 15.01859 0.6374765 
0.66 16.19071 0.6297081 
0.7 17.44484 0.6395951 
0.74 18.8058 0.604049 
0.78 20.30987 0.6106403 
0.82 22.01383 0.6224105 
0.86 24.01491 0.6002825 
0.9 26.50406 0.587806 
0.94 29.95525 0.5819209 
0.98 36.42578 0.5442561 
------------- glasso -------------
0.01 0.5548493 
0.02 0.547081 
0.03 0.539548 
0.04 0.5480226 
0.05 0.5440207 
0.06 0.5461394 
0.07 0.5501412 
0.08 0.5510829 
0.09 0.5574388 
0.1 0.568032 
0.12 0.5722693 
0.14 0.5807439 
0.16 0.6000471 
0.18 0.604049 
0.2 0.6221751 
0.22 0.6266478 
0.24 0.6282957 
0.26 0.6407721 
0.28 0.6285311 
0.3 0.6480697 
0.32 0.6541902 
0.34 0.6193503 
0.36 0.5932203 
0.38 0.5939266 
0.4 0.6132298 
0.42 0.5708569 
0.44 0.5743879 
0.46 0.579096 
0.48 0.5835687 
0.5 0.5882768 
0.54 0.5463748 
0.58 0.568032 
0.62 0.5675612 
0.66 0.5715631 
0.7 0.5442561 
0.74 0.5480226 
0.78 0.5480226 
------------- glassosf -------------
0.01 0.5524953 
0.02 0.5522599 
0.03 0.5473164 
0.04 0.5463748 
0.05 0.5520245 
0.06 0.540725 
0.07 0.5550847 
0.08 0.5621469 
0.09 0.5689736 
0.1 0.5783898 
0.12 0.5943974 
0.14 0.623823 
0.16 0.632533 
0.18 0.6431262 
0.2 0.6104049 
0.22 0.5567326 
0.24 0.5720339 
0.26 0.5835687 
0.28 0.5423729 
0.3 0.5607345 
0.32 0.5673258 
0.34 0.5715631 
0.36 0.5442561 
0.38 0.5480226 
0.4 0.5480226 
0.42 0.5517891 
0.44 0.5555556 
0.46 0.5555556 
0.48 0.5555556 
0.5 0.5277778 
0.54 0.5 
0.58 0.5 
0.62 0.5 
0.66 0.5 
0.7 0.5 
0.74 0.5 
0.78 0.5 
------------- pcacmi -------------
------------- space -------------
0.01 0.5607345 
0.02 0.5543785 
0.03 0.5539077 
0.04 0.5548493 
0.05 0.5513183 
0.06 0.5527307 
0.07 0.5510829 
0.08 0.545904 
0.09 0.5473164 
0.1 0.5506121 
0.12 0.5426083 
0.14 0.5487288 
0.16 0.5550847 
0.18 0.5536723 
0.2 0.5524953 
0.22 0.555791 
0.24 0.5600282 
0.26 0.5670904 
0.28 0.5743879 
0.3 0.5833333 
0.32 0.5838041 
0.34 0.5840395 
0.36 0.5901601 
0.38 0.597693 
0.4 0.5993409 
0.42 0.6033427 
0.44 0.6047552 
0.46 0.6089925 
0.48 0.6148776 
0.5 0.6224105 
0.54 0.6280603 
0.58 0.615113 
0.62 0.6266478 
0.66 0.6320621 
0.7 0.6181733 
0.74 0.6071092 
0.78 0.6113465 
0.82 0.6160546 
0.86 0.6205273 
0.9 0.5736817 
0.94 0.5788606 
0.98 0.5579096 
------------- BayesianGLasso -------------
------------- ena -------------
Constructing using GeneNet ... OK
Constructing using neighborhood selection ... OK
Constructing using GLASSO ... OK
Constructing using GLASSO-SF ... OK
Constructing using PCACMI ... OK
Constructing using SPACE ... OK
Constructing using BayesianGLasso ... OK
Ensembling network using ENA ... OK
Permutating ... OK
Calculating confidence ... OK
       GeneNet             NS         GLasso      GLasso-sf         PCACMI 
       0.61276        0.59552        0.54381        0.52415        0.69468 
         SPACE BayesianGLasso            ENA 
       0.52053        0.62406        0.61653 

i: 8; seed: 0
Working with data/temp/tiny.nSample50.sigma1.csv ...
=================================================

------------- GeneNet -------------
------------- NS -------------
0.01 0.2612852 0.5682674 
0.02 0.5201041 0.5694444 
0.03 0.7766081 0.5727401 
0.04 1.03094 0.5696798 
0.05 1.283236 0.5765066 
0.06 1.533624 0.5753296 
0.07 1.782228 0.5753296 
0.08 2.029165 0.5795669 
0.09 2.274546 0.5783898 
0.1 2.518479 0.5746234 
0.12 3.002409 0.575565 
0.14 3.481735 0.5708569 
0.16 3.957186 0.5729755 
0.18 4.429449 0.5762712 
0.2 4.899176 0.5830979 
0.22 5.366991 0.5835687 
0.24 5.833499 0.5826271 
0.26 6.299289 0.5875706 
0.28 6.764941 0.5772128 
0.3 7.23103 0.5795669 
0.32 7.698133 0.568032 
0.34 8.16683 0.5710923 
0.36 8.637716 0.5732109 
0.38 9.111398 0.5776836 
0.4 9.58851 0.5823917 
0.42 10.06971 0.5659134 
0.44 10.55569 0.5741525 
0.46 11.04719 0.5725047 
0.48 11.54501 0.5673258 
0.5 12.04999 0.5722693 
0.54 13.08522 0.5440207 
0.58 14.16148 0.5105932 
0.62 15.28941 0.5244821 
0.66 16.48266 0.5341337 
0.7 17.7594 0.5574388 
0.74 19.1449 0.5374294 
0.78 20.6761 0.5440207 
0.82 22.41078 0.5532015 
0.86 24.44795 0.5376648 
0.9 26.98198 0.5435499 
0.94 30.49541 0.5291902 
0.98 37.08261 0.5277778 
------------- glasso -------------
0.01 0.5979284 
0.02 0.6028719 
0.03 0.6059322 
0.04 0.6042844 
0.05 0.623823 
0.06 0.615113 
0.07 0.6275895 
0.08 0.6125235 
0.09 0.6096987 
0.1 0.6009887 
0.12 0.6000471 
0.14 0.5962806 
0.16 0.5774482 
0.18 0.5298964 
0.2 0.5334275 
0.22 0.5416667 
0.24 0.5235405 
0.26 0.5360169 
0.28 0.5543785 
0.3 0.5423729 
0.32 0.5280132 
0.34 0.5315443 
0.36 0.537194 
0.38 0.5517891 
0.4 0.5334275 
0.42 0.5338983 
0.44 0.5362524 
0.46 0.5477872 
0.48 0.5513183 
0.5 0.5291902 
0.54 0.5329567 
0.58 0.5517891 
0.62 0.5555556 
0.66 0.5277778 
0.7 0.5277778 
0.74 0.5 
0.78 0.5 
------------- glassosf -------------
0.01 0.5847458 
0.02 0.5922787 
0.03 0.6012241 
0.04 0.606403 
0.05 0.617467 
0.06 0.5993409 
0.07 0.5979284 
0.08 0.5903955 
0.09 0.6016949 
0.1 0.5870998 
0.12 0.5143597 
0.14 0.5348399 
0.16 0.5473164 
0.18 0.5282486 
0.2 0.5193032 
0.22 0.5336629 
0.24 0.5400188 
0.26 0.5254237 
0.28 0.5367232 
0.3 0.5515537 
0.32 0.5555556 
0.34 0.5277778 
0.36 0.5277778 
0.38 0.5 
0.4 0.5 
0.42 0.5 
0.44 0.5 
0.46 0.5 
0.48 0.5 
0.5 0.5 
0.54 0.5 
0.58 0.5 
0.62 0.5 
0.66 0.5 
0.7 0.5 
0.74 0.5 
0.78 0.5 
------------- pcacmi -------------
------------- space -------------
0.01 0.5687382 
0.02 0.5604991 
0.03 0.5682674 
0.04 0.5710923 
0.05 0.5717985 
0.06 0.5739171 
0.07 0.5739171 
0.08 0.5736817 
0.09 0.5774482 
0.1 0.575565 
0.12 0.5717985 
0.14 0.5694444 
0.16 0.5708569 
0.18 0.5732109 
0.2 0.5758004 
0.22 0.577919 
0.24 0.5800377 
0.26 0.5758004 
0.28 0.5607345 
0.3 0.559322 
0.32 0.5501412 
0.34 0.5379002 
0.36 0.5409605 
0.38 0.5440207 
0.4 0.5348399 
0.42 0.5315443 
0.44 0.5348399 
0.46 0.5058851 
0.48 0.5127119 
0.5 0.5138889 
0.54 0.5101224 
0.58 0.5237759 
0.62 0.538371 
0.66 0.5235405 
0.7 0.5301318 
0.74 0.5329567 
0.78 0.5426083 
0.82 0.5487288 
0.86 0.5341337 
0.9 0.5376648 
0.94 0.5411959 
0.98 0.5447269 
------------- BayesianGLasso -------------
------------- ena -------------
Constructing using GeneNet ... OK
Constructing using neighborhood selection ... OK
Constructing using GLASSO ... OK
Constructing using GLASSO-SF ... OK
Constructing using PCACMI ... OK
Constructing using SPACE ... OK
Constructing using BayesianGLasso ... OK
Ensembling network using ENA ... OK
Permutating ... OK
Calculating confidence ... OK
       GeneNet             NS         GLasso      GLasso-sf         PCACMI 
       0.50000        0.61243        0.54930        0.53909        0.55556 
         SPACE BayesianGLasso            ENA 
       0.53415        0.63112        0.60640 

i: 9; seed: 0
Working with data/temp/tiny.nSample50.sigma1.csv ...
=================================================

------------- GeneNet -------------
------------- NS -------------
0.01 0.2490925 0.6963277 
0.02 0.4958337 0.7003296 
0.03 0.740368 0.7099812 
0.04 0.9828318 0.7151601 
0.05 1.223354 0.7210452 
0.06 1.462058 0.7292844 
0.07 1.699061 0.7316384 
0.08 1.934475 0.7349341 
0.09 2.168405 0.7384652 
0.1 2.400955 0.74129 
0.12 2.862303 0.75871 
0.14 3.319261 0.7662429 
0.16 3.772526 0.7730697 
0.18 4.222751 0.7848399 
0.2 4.670558 0.7862524 
0.22 5.116543 0.795904 
0.24 5.561282 0.7973164 
0.26 6.005336 0.8017891 
0.28 6.449259 0.805791 
0.3 6.893598 0.8083804 
0.32 7.338903 0.8128531 
0.34 7.785729 0.8185028 
0.36 8.234641 0.806968 
0.38 8.686219 0.8119115 
0.4 9.141066 0.8135593 
0.42 9.599811 0.815678 
0.44 10.06312 0.8022599 
0.46 10.53168 0.8034369 
0.48 11.00627 0.8126177 
0.5 11.48768 0.8130885 
0.54 12.47461 0.8128531 
0.58 13.50064 0.8123823 
0.62 14.57593 0.7991996 
0.66 15.7135 0.7897834 
0.7 16.93067 0.7944915 
0.74 18.25151 0.7725989 
0.78 19.71126 0.7768362 
0.82 21.36499 0.7827213 
0.86 23.3071 0.7904896 
0.9 25.72288 0.7926083 
0.94 29.07235 0.7464689 
0.98 35.35217 0.6388889 
------------- glasso -------------
0.01 0.7248117 
0.02 0.7492938 
0.03 0.769774 
0.04 0.7916667 
0.05 0.7991996 
0.06 0.7968456 
0.07 0.8050847 
0.08 0.809322 
0.09 0.8163842 
0.1 0.8177966 
0.12 0.8241525 
0.14 0.8276836 
0.16 0.8338041 
0.18 0.816855 
0.2 0.7846045 
0.22 0.7860169 
0.24 0.7723635 
0.26 0.7782486 
0.28 0.7829567 
0.3 0.7857815 
0.32 0.797081 
0.34 0.7756591 
0.36 0.780838 
0.38 0.7827213 
0.4 0.7841337 
0.42 0.7627119 
0.44 0.7612994 
0.46 0.7617702 
0.48 0.7683616 
0.5 0.7664783 
0.54 0.7749529 
0.58 0.6666667 
0.62 0.6666667 
0.66 0.6666667 
0.7 0.6388889 
0.74 0.5833333 
0.78 0.5277778 
------------- glassosf -------------
0.01 0.7172787 
0.02 0.7365819 
0.03 0.7629473 
0.04 0.7881356 
0.05 0.7947269 
0.06 0.8072034 
0.07 0.8189736 
0.08 0.8232109 
0.09 0.8269774 
0.1 0.826742 
0.12 0.8032015 
0.14 0.7728343 
0.16 0.7860169 
0.18 0.7961394 
0.2 0.7831921 
0.22 0.7867232 
0.24 0.7620056 
0.26 0.7683616 
0.28 0.7749529 
0.3 0.75 
0.32 0.6666667 
0.34 0.6666667 
0.36 0.6388889 
0.38 0.5555556 
0.4 0.5277778 
0.42 0.5277778 
0.44 0.5277778 
0.46 0.5277778 
0.48 0.5277778 
0.5 0.5277778 
0.54 0.5 
0.58 0.5 
0.62 0.5 
0.66 0.5 
0.7 0.5 
0.74 0.5 
0.78 0.5 
------------- pcacmi -------------
------------- space -------------
0.01 0.7000942 
0.02 0.7022128 
0.03 0.7111582 
0.04 0.7170433 
0.05 0.7245763 
0.06 0.7316384 
0.07 0.7339925 
0.08 0.7398776 
0.09 0.7497646 
0.1 0.7516478 
0.12 0.7615348 
0.14 0.7723635 
0.16 0.779661 
0.18 0.7841337 
0.2 0.7930791 
0.22 0.7956685 
0.24 0.7987288 
0.26 0.8053202 
0.28 0.8062618 
0.3 0.815678 
0.32 0.8201507 
0.34 0.8123823 
0.36 0.7987288 
0.38 0.8027307 
0.4 0.8048493 
0.42 0.8039077 
0.44 0.8074388 
0.46 0.8121469 
0.48 0.7909605 
0.5 0.7935499 
0.54 0.7791902 
0.58 0.7848399 
0.62 0.789548 
0.66 0.7951977 
0.7 0.7756591 
0.74 0.7777778 
0.78 0.7824859 
0.82 0.7838983 
0.86 0.7862524 
0.9 0.7860169 
0.94 0.7653013 
0.98 0.7669492 
------------- BayesianGLasso -------------
------------- ena -------------
Constructing using GeneNet ... OK
Constructing using neighborhood selection ... OK
Constructing using GLASSO ... OK
Constructing using GLASSO-SF ... OK
Constructing using PCACMI ... OK
Constructing using SPACE ... OK
Constructing using BayesianGLasso ... OK
Ensembling network using ENA ... OK
Permutating ... OK
Calculating confidence ... OK
       GeneNet             NS         GLasso      GLasso-sf         PCACMI 
       0.72175        0.82148        0.77130        0.76065        0.81379 
         SPACE BayesianGLasso            ENA 
       0.75823        0.81168        0.81897 

i: 10; seed: 0
Working with data/temp/tiny.nSample50.sigma1.csv ...
=================================================

------------- GeneNet -------------
------------- NS -------------
0.01 0.2242145 0.6475989 
0.02 0.4463126 0.6443032 
0.03 0.6664242 0.6516008 
0.04 0.884672 0.6556026 
0.05 1.101172 0.6593691 
0.06 1.316036 0.6598399 
0.07 1.529369 0.6581921 
0.08 1.74127 0.6579567 
0.09 1.951837 0.6650188 
0.1 2.161161 0.6727872 
0.12 2.576432 0.6687853 
0.14 2.987752 0.6782015 
0.16 3.395747 0.6840866 
0.18 3.801006 0.6880885 
0.2 4.204089 0.6913842 
0.22 4.605531 0.6956215 
0.24 5.005852 0.6989171 
0.26 5.405556 0.7076271 
0.28 5.805143 0.7130414 
0.3 6.205104 0.7182203 
0.32 6.605934 0.7233992 
0.34 7.008134 0.7288136 
0.36 7.412211 0.7304614 
0.38 7.818688 0.7370527 
0.4 8.228108 0.7382298 
0.42 8.641035 0.738936 
0.44 9.058067 0.7436441 
0.46 9.479837 0.7452919 
0.48 9.907022 0.7516478 
0.5 10.34035 0.757533 
0.54 11.22871 0.7636535 
0.58 12.15227 0.7664783 
0.62 13.12017 0.7700094 
0.66 14.14412 0.7066855 
0.7 15.23973 0.7137476 
0.74 16.42865 0.7165725 
0.78 17.74261 0.6765537 
0.82 19.23118 0.6796139 
0.86 20.97931 0.63371 
0.9 23.15382 0.6398305 
0.94 26.16877 0.5873352 
0.98 31.82139 0.5727401 
------------- glasso -------------
0.01 0.6598399 
0.02 0.6756121 
0.03 0.684322 
0.04 0.6960923 
0.05 0.6998588 
0.06 0.7073917 
0.07 0.7125706 
0.08 0.7201036 
0.09 0.7224576 
0.1 0.7266949 
0.12 0.7297552 
0.14 0.7377589 
0.16 0.75 
0.18 0.7558851 
0.2 0.7617702 
0.22 0.7648305 
0.24 0.7448211 
0.26 0.7495292 
0.28 0.7608286 
0.3 0.7337571 
0.32 0.74129 
0.34 0.7231638 
0.36 0.7012712 
0.38 0.7050377 
0.4 0.6824388 
0.42 0.6814972 
0.44 0.6593691 
0.46 0.6610169 
0.48 0.6593691 
0.5 0.6629002 
0.54 0.6403013 
0.58 0.5936911 
0.62 0.6000471 
0.66 0.6035782 
0.7 0.5762712 
0.74 0.5762712 
0.78 0.5798023 
------------- glassosf -------------
0.01 0.6497175 
0.02 0.6741996 
0.03 0.683145 
0.04 0.6909134 
0.05 0.7205744 
0.06 0.7170433 
0.07 0.7229284 
0.08 0.7396422 
0.09 0.7514124 
0.1 0.7634181 
0.12 0.7580038 
0.14 0.7678908 
0.16 0.7544727 
0.18 0.7095104 
0.2 0.7000942 
0.22 0.683145 
0.24 0.6612524 
0.26 0.662194 
0.28 0.6428908 
0.3 0.6475989 
0.32 0.6000471 
0.34 0.6000471 
0.36 0.5762712 
0.38 0.5762712 
0.4 0.5762712 
0.42 0.5798023 
0.44 0.5833333 
0.46 0.5833333 
0.48 0.5833333 
0.5 0.5555556 
0.54 0.5277778 
0.58 0.5277778 
0.62 0.5 
0.66 0.5 
0.7 0.5 
0.74 0.5 
0.78 0.5 
------------- pcacmi -------------
------------- space -------------
0.01 0.6525424 
0.02 0.6539548 
0.03 0.6516008 
0.04 0.6612524 
0.05 0.662194 
0.06 0.6640772 
0.07 0.6694915 
0.08 0.6713748 
0.09 0.6751412 
0.1 0.6786723 
0.12 0.6701977 
0.14 0.6829096 
0.16 0.6779661 
0.18 0.6852637 
0.2 0.6920904 
0.22 0.7038606 
0.24 0.7123352 
0.26 0.7130414 
0.28 0.7175141 
0.3 0.722693 
0.32 0.7245763 
0.34 0.7375235 
0.36 0.7377589 
0.38 0.7450565 
0.4 0.7507062 
0.42 0.7514124 
0.44 0.7544727 
0.46 0.7580038 
0.48 0.7596516 
0.5 0.7653013 
0.54 0.7725989 
0.58 0.7528249 
0.62 0.7342279 
0.66 0.7361111 
0.7 0.7186911 
0.74 0.6746704 
0.78 0.6770245 
0.82 0.6798493 
0.86 0.6798493 
0.9 0.6567797 
0.94 0.6362994 
0.98 0.6362994 
------------- BayesianGLasso -------------
------------- ena -------------
Constructing using GeneNet ... OK
Constructing using neighborhood selection ... OK
Constructing using GLASSO ... OK
Constructing using GLASSO-SF ... OK
Constructing using PCACMI ... OK
Constructing using SPACE ... OK
Constructing using BayesianGLasso ... OK
Ensembling network using ENA ... OK
Permutating ... OK
Calculating confidence ... OK
       GeneNet             NS         GLasso      GLasso-sf         PCACMI 
       0.66008        0.74901        0.72079        0.71454        0.75212 
         SPACE BayesianGLasso            ENA 
       0.69291        0.74600        0.76083 

