WARNING: ignoring environment value of R_HOME
$noise
[1] 0.2

$plot
[1] TRUE

$rounds
[1] 10

$samp
[1] 200

$seed
[1] 0

$simu
[1] "ggm"

$size
[1] "tiny"

$verbose
[1] TRUE

i: 1; seed: 0
Working with data/temp/tiny.nSample200.sigma0.2.csv ...
=================================================

------------- GeneNet -------------
------------- NS -------------
0.01 0.3905995 0.9915254 
0.02 0.7775121 0.9905838 
0.03 1.160964 0.9917608 
0.04 1.541169 0.992467 
0.05 1.91833 0.9931733 
0.06 2.29264 0.9929379 
0.07 2.664282 0.9931733 
0.08 3.033431 0.9934087 
0.09 3.400255 0.9936441 
0.1 3.764914 0.9931733 
0.12 4.488349 0.9936441 
0.14 5.204902 0.9938795 
0.16 5.915662 0.9931733 
0.18 6.621656 0.9941149 
0.2 7.323857 0.9943503 
0.22 8.023202 0.9936441 
0.24 8.720593 0.9948211 
0.26 9.41691 0.9938795 
0.28 10.11302 0.9938795 
0.3 10.80978 0.9941149 
0.32 11.50806 0.9938795 
0.34 12.20873 0.9950565 
0.36 12.91266 0.9943503 
0.38 13.62078 0.9943503 
0.4 14.33402 0.9943503 
0.42 15.05337 0.9936441 
0.44 15.77987 0.9945857 
0.46 16.51463 0.9948211 
0.48 17.25882 0.9948211 
0.5 18.01372 0.9941149 
0.54 19.56131 0.9950565 
0.58 21.17023 0.9945857 
0.62 22.85638 0.9943503 
0.66 24.64019 0.9948211 
0.7 26.54882 0.9948211 
0.74 28.62002 0.9689266 
0.78 30.90904 0.9693974 
0.82 33.50224 0.9693974 
0.86 36.54764 0.9693974 
0.9 40.3358 0.9698682 
0.94 45.58808 0.970339 
0.98 55.4354 0.943032 
------------- glasso -------------
0.01 0.9929379 
0.02 0.9934087 
0.03 0.9934087 
0.04 0.9931733 
0.05 0.9938795 
0.06 0.9931733 
0.07 0.9915254 
0.08 0.990113 
0.09 0.9908192 
0.1 0.9898776 
0.12 0.9882298 
0.14 0.9884652 
0.16 0.9635122 
0.18 0.9630414 
0.2 0.9623352 
0.22 0.9597458 
0.24 0.9599812 
0.26 0.9340866 
0.28 0.9088983 
0.3 0.9093691 
0.32 0.884887 
0.34 0.884887 
0.36 0.8596987 
0.38 0.8596987 
0.4 0.8599341 
0.42 0.8611111 
0.44 0.75 
0.46 0.75 
0.48 0.7222222 
0.5 0.6666667 
0.54 0.5833333 
0.58 0.5555556 
0.62 0.5277778 
0.66 0.5 
0.7 0.5 
0.74 0.5 
0.78 0.5 
------------- glassosf -------------
0.01 0.9931733 
0.02 0.9950565 
0.03 0.9945857 
0.04 0.9945857 
0.05 0.9943503 
0.06 0.9931733 
0.07 0.9931733 
0.08 0.992467 
0.09 0.9905838 
0.1 0.9898776 
0.12 0.9656309 
0.14 0.9642185 
0.16 0.9376177 
0.18 0.85758 
0.2 0.8594633 
0.22 0.8316855 
0.24 0.8055556 
0.26 0.6944444 
0.28 0.5833333 
0.3 0.5555556 
0.32 0.5277778 
0.34 0.5 
0.36 0.5 
0.38 0.5 
0.4 0.5 
0.42 0.5 
0.44 0.5 
0.46 0.5 
0.48 0.5 
0.5 0.5 
0.54 0.5 
0.58 0.5 
0.62 0.5 
0.66 0.5 
0.7 0.5 
0.74 0.5 
0.78 0.5 
------------- pcacmi -------------
------------- space -------------
0.01 0.9919962 
0.02 0.9929379 
0.03 0.9931733 
0.04 0.9931733 
0.05 0.9938795 
0.06 0.9941149 
0.07 0.9945857 
0.08 0.9941149 
0.09 0.9936441 
0.1 0.9938795 
0.12 0.9945857 
0.14 0.9943503 
0.16 0.9943503 
0.18 0.9943503 
0.2 0.9936441 
0.22 0.9936441 
0.24 0.9948211 
0.26 0.9689266 
0.28 0.9689266 
0.3 0.9696328 
0.32 0.9696328 
0.34 0.9696328 
0.36 0.9696328 
0.38 0.9696328 
0.4 0.9701036 
0.42 0.9701036 
0.44 0.970339 
0.46 0.970339 
0.48 0.9705744 
0.5 0.9154896 
0.54 0.8879473 
0.58 0.8879473 
0.62 0.8879473 
0.66 0.8888889 
0.7 0.8611111 
0.74 0.8611111 
0.78 0.8611111 
0.82 0.8055556 
0.86 0.75 
0.9 0.7222222 
0.94 0.7222222 
0.98 0.6944444 
------------- BayesianGLasso -------------
------------- ena -------------
Constructing using GeneNet ... OK
Constructing using neighborhood selection ... OK
Constructing using GLASSO ... OK
Constructing using GLASSO-SF ... OK
Constructing using PCACMI ... OK
Constructing using SPACE ... OK
Constructing using BayesianGLasso ... OK
Ensembling network using ENA ... OK
Permutating ... OK
Calculating confidence ... OK
       GeneNet             NS         GLasso      GLasso-sf         PCACMI 
       0.88630        0.99275        0.91392        0.91568        0.97528 
         SPACE BayesianGLasso            ENA 
       0.94225        0.99153        0.99035 

i: 2; seed: 0
Working with data/temp/tiny.nSample200.sigma0.2.csv ...
=================================================

------------- GeneNet -------------
------------- NS -------------
0.01 0.347686 0.9887006 
0.02 0.6920902 0.9887006 
0.03 1.033414 0.9894068 
0.04 1.371847 0.9891714 
0.05 1.707571 0.9894068 
0.06 2.040757 0.990113 
0.07 2.371569 0.9910546 
0.08 2.700161 0.9908192 
0.09 3.026684 0.9903484 
0.1 3.351279 0.9910546 
0.12 3.995233 0.9922316 
0.14 4.633062 0.992467 
0.16 5.265733 0.9936441 
0.18 5.894162 0.9922316 
0.2 6.519216 0.9931733 
0.22 7.141727 0.9950565 
0.24 7.762498 0.9948211 
0.26 8.382314 0.9957627 
0.28 9.001946 0.9971751 
0.3 9.62216 0.9943503 
0.32 10.24372 0.9959981 
0.34 10.86741 0.9967043 
0.36 11.494 0.9964689 
0.38 12.12432 0.9971751 
0.4 12.7592 0.997646 
0.42 13.39952 0.9964689 
0.44 14.04621 0.9964689 
0.46 14.70024 0.9971751 
0.48 15.36267 0.9974105 
0.5 16.03463 0.9974105 
0.54 17.41219 0.9969397 
0.58 18.84435 0.9978814 
0.62 20.34525 0.9981168 
0.66 21.93308 0.997646 
0.7 23.63201 0.9981168 
0.74 25.47566 0.997646 
0.78 27.51319 0.9978814 
0.82 29.82149 0.9978814 
0.86 32.5323 0.997646 
0.9 35.90428 0.997646 
0.94 40.57951 0.9435028 
0.98 49.34495 0.9435028 
------------- glasso -------------
0.01 0.9969397 
0.02 0.997646 
0.03 0.9985876 
0.04 0.9981168 
0.05 0.9981168 
0.06 0.9978814 
0.07 0.9974105 
0.08 0.9974105 
0.09 0.9959981 
0.1 0.9936441 
0.12 0.9922316 
0.14 0.9910546 
0.16 0.9903484 
0.18 0.988936 
0.2 0.9877589 
0.22 0.9618644 
0.24 0.9599812 
0.26 0.933145 
0.28 0.9329096 
0.3 0.9305556 
0.32 0.9030132 
0.34 0.8782957 
0.36 0.8500471 
0.38 0.8549906 
0.4 0.8272128 
0.42 0.8029661 
0.44 0.7749529 
0.46 0.747646 
0.48 0.7198682 
0.5 0.7222222 
0.54 0.6944444 
0.58 0.5833333 
0.62 0.5833333 
0.66 0.5555556 
0.7 0.5277778 
0.74 0.5 
0.78 0.5 
------------- glassosf -------------
0.01 0.9936441 
0.02 0.9974105 
0.03 0.9985876 
0.04 0.9978814 
0.05 0.9985876 
0.06 0.9981168 
0.07 0.9978814 
0.08 0.9978814 
0.09 0.9967043 
0.1 0.9959981 
0.12 0.992467 
0.14 0.9618644 
0.16 0.9322034 
0.18 0.9051318 
0.2 0.8792373 
0.22 0.8010829 
0.24 0.7457627 
0.26 0.75 
0.28 0.7222222 
0.3 0.6388889 
0.32 0.5833333 
0.34 0.5555556 
0.36 0.5 
0.38 0.5 
0.4 0.5 
0.42 0.5 
0.44 0.5 
0.46 0.5 
0.48 0.5 
0.5 0.5 
0.54 0.5 
0.58 0.5 
0.62 0.5 
0.66 0.5 
0.7 0.5 
0.74 0.5 
0.78 0.5 
------------- pcacmi -------------
------------- space -------------
0.01 0.9882298 
0.02 0.9894068 
0.03 0.99129 
0.04 0.9931733 
0.05 0.9941149 
0.06 0.9927024 
0.07 0.9938795 
0.08 0.9948211 
0.09 0.9950565 
0.1 0.9950565 
0.12 0.9967043 
0.14 0.9971751 
0.16 0.9971751 
0.18 0.997646 
0.2 0.9981168 
0.22 0.9978814 
0.24 0.997646 
0.26 0.9978814 
0.28 0.997646 
0.3 0.9971751 
0.32 0.997646 
0.34 0.9964689 
0.36 0.9967043 
0.38 0.9425612 
0.4 0.943032 
0.42 0.9435028 
0.44 0.9435028 
0.46 0.9435028 
0.48 0.9435028 
0.5 0.9435028 
0.54 0.9435028 
0.58 0.9439736 
0.62 0.9432674 
0.66 0.915725 
0.7 0.8888889 
0.74 0.8333333 
0.78 0.8333333 
0.82 0.8333333 
0.86 0.8055556 
0.9 0.7222222 
0.94 0.6944444 
0.98 0.6944444 
------------- BayesianGLasso -------------
------------- ena -------------
Constructing using GeneNet ... OK
Constructing using neighborhood selection ... OK
Constructing using GLASSO ... OK
Constructing using GLASSO-SF ... OK
Constructing using PCACMI ... OK
Constructing using SPACE ... OK
Constructing using BayesianGLasso ... OK
Ensembling network using ENA ... OK
Permutating ... OK
Calculating confidence ... OK
       GeneNet             NS         GLasso      GLasso-sf         PCACMI 
       0.72222        0.98551        0.89987        0.90184        0.98376 
         SPACE BayesianGLasso            ENA 
       0.94104        0.99623        0.99812 

i: 3; seed: 0
Working with data/temp/tiny.nSample200.sigma0.2.csv ...
=================================================

------------- GeneNet -------------
------------- NS -------------
0.01 0.3521197 0.9927024 
0.02 0.7009157 0.992467 
0.03 1.046592 0.9929379 
0.04 1.389341 0.992467 
0.05 1.729346 0.9936441 
0.06 2.066781 0.9938795 
0.07 2.401811 0.9952919 
0.08 2.734593 0.9945857 
0.09 3.06528 0.9948211 
0.1 3.394015 0.9955273 
0.12 4.046181 0.9948211 
0.14 4.692142 0.9945857 
0.16 5.332882 0.9952919 
0.18 5.969325 0.9957627 
0.2 6.602349 0.9948211 
0.22 7.232798 0.9945857 
0.24 7.861486 0.9962335 
0.26 8.489205 0.9962335 
0.28 9.116739 0.9964689 
0.3 9.744862 0.9969397 
0.32 10.37435 0.9964689 
0.34 11.00599 0.9962335 
0.36 11.64057 0.9967043 
0.38 12.27893 0.9967043 
0.4 12.92191 0.9967043 
0.42 13.57039 0.9962335 
0.44 14.22532 0.9964689 
0.46 14.8877 0.9964689 
0.48 15.55857 0.9969397 
0.5 16.2391 0.9971751 
0.54 17.63423 0.9967043 
0.58 19.08465 0.9971751 
0.62 20.60469 0.9967043 
0.66 22.21277 0.9971751 
0.7 23.93337 0.9962335 
0.74 25.80053 0.9971751 
0.78 27.86404 0.9971751 
0.82 30.20178 0.9962335 
0.86 32.94715 0.9962335 
0.9 36.36213 0.9693974 
0.94 41.09698 0.9425612 
0.98 49.97419 0.9159605 
------------- glasso -------------
0.01 0.997646 
0.02 0.9969397 
0.03 0.9971751 
0.04 0.9971751 
0.05 0.9971751 
0.06 0.9962335 
0.07 0.9959981 
0.08 0.9957627 
0.09 0.9964689 
0.1 0.9952919 
0.12 0.9943503 
0.14 0.9934087 
0.16 0.9915254 
0.18 0.9891714 
0.2 0.9383239 
0.22 0.9404426 
0.24 0.9138418 
0.26 0.9138418 
0.28 0.914548 
0.3 0.9152542 
0.32 0.9166667 
0.34 0.9166667 
0.36 0.7777778 
0.38 0.75 
0.4 0.6944444 
0.42 0.6944444 
0.44 0.6944444 
0.46 0.6666667 
0.48 0.6666667 
0.5 0.6666667 
0.54 0.6111111 
0.58 0.5555556 
0.62 0.5277778 
0.66 0.5277778 
0.7 0.5 
0.74 0.5 
0.78 0.5 
------------- glassosf -------------
0.01 0.9971751 
0.02 0.997646 
0.03 0.9974105 
0.04 0.9983522 
0.05 0.9981168 
0.06 0.9985876 
0.07 0.9983522 
0.08 0.997646 
0.09 0.9967043 
0.1 0.9959981 
0.12 0.9679849 
0.14 0.941855 
0.16 0.914548 
0.18 0.9166667 
0.2 0.7777778 
0.22 0.7222222 
0.24 0.6666667 
0.26 0.6666667 
0.28 0.6111111 
0.3 0.5555556 
0.32 0.5277778 
0.34 0.5 
0.36 0.5 
0.38 0.5 
0.4 0.5 
0.42 0.5 
0.44 0.5 
0.46 0.5 
0.48 0.5 
0.5 0.5 
0.54 0.5 
0.58 0.5 
0.62 0.5 
0.66 0.5 
0.7 0.5 
0.74 0.5 
0.78 0.5 
------------- pcacmi -------------
------------- space -------------
0.01 0.9908192 
0.02 0.9927024 
0.03 0.9938795 
0.04 0.9952919 
0.05 0.9948211 
0.06 0.9948211 
0.07 0.9952919 
0.08 0.9950565 
0.09 0.9945857 
0.1 0.9938795 
0.12 0.9952919 
0.14 0.9955273 
0.16 0.9962335 
0.18 0.9962335 
0.2 0.9967043 
0.22 0.9967043 
0.24 0.9967043 
0.26 0.9967043 
0.28 0.9964689 
0.3 0.9964689 
0.32 0.9959981 
0.34 0.9693974 
0.36 0.9689266 
0.38 0.9420904 
0.4 0.9427966 
0.42 0.9423258 
0.44 0.9427966 
0.46 0.9150188 
0.48 0.9159605 
0.5 0.915725 
0.54 0.9166667 
0.58 0.8888889 
0.62 0.8611111 
0.66 0.8333333 
0.7 0.8055556 
0.74 0.75 
0.78 0.7222222 
0.82 0.6944444 
0.86 0.6944444 
0.9 0.6944444 
0.94 0.6666667 
0.98 0.6388889 
------------- BayesianGLasso -------------
------------- ena -------------
Constructing using GeneNet ... OK
Constructing using neighborhood selection ... OK
Constructing using GLASSO ... OK
Constructing using GLASSO-SF ... OK
Constructing using PCACMI ... OK
Constructing using SPACE ... OK
Constructing using BayesianGLasso ... OK
Ensembling network using ENA ... OK
Permutating ... OK
Calculating confidence ... OK
       GeneNet             NS         GLasso      GLasso-sf         PCACMI 
       0.91125        0.99056        0.92161        0.92402        0.98635 
         SPACE BayesianGLasso            ENA 
       0.94049        0.99388        0.99600 

i: 4; seed: 0
Working with data/temp/tiny.nSample200.sigma0.2.csv ...
=================================================

------------- GeneNet -------------
------------- NS -------------
0.01 0.3776065 0.9870527 
0.02 0.7516488 0.9861111 
0.03 1.122345 0.9879944 
0.04 1.489903 0.9896422 
0.05 1.854518 0.9910546 
0.06 2.216377 0.9908192 
0.07 2.575657 0.99129 
0.08 2.932526 0.988936 
0.09 3.287148 0.9894068 
0.1 3.639677 0.990113 
0.12 4.339048 0.9922316 
0.14 5.031765 0.9936441 
0.16 5.718882 0.9908192 
0.18 6.401391 0.9929379 
0.2 7.080235 0.988936 
0.22 7.756316 0.9905838 
0.24 8.430509 0.9903484 
0.26 9.103663 0.9922316 
0.28 9.776619 0.9887006 
0.3 10.45021 0.9896422 
0.32 11.12526 0.9919962 
0.34 11.80261 0.9877589 
0.36 12.48313 0.9905838 
0.38 13.16769 0.9896422 
0.4 13.85721 0.9875235 
0.42 14.55263 0.9870527 
0.44 15.25497 0.9882298 
0.46 15.96528 0.9872881 
0.48 16.68472 0.9863465 
0.5 17.41451 0.9875235 
0.54 18.91062 0.9623352 
0.58 20.46602 0.9369115 
0.62 22.09608 0.9402072 
0.66 23.82055 0.940678 
0.7 25.66569 0.9425612 
0.74 27.668 0.9435028 
0.78 29.88087 0.9435028 
0.82 32.38781 0.9435028 
0.86 35.33191 0.9439736 
0.9 38.99406 0.9439736 
0.94 44.07163 0.9444444 
0.98 53.59138 0.9166667 
------------- glasso -------------
0.01 0.9882298 
0.02 0.9898776 
0.03 0.9863465 
0.04 0.9832863 
0.05 0.9832863 
0.06 0.9797552 
0.07 0.9778719 
0.08 0.9781073 
0.09 0.9755179 
0.1 0.9743409 
0.12 0.9326742 
0.14 0.9340866 
0.16 0.9354991 
0.18 0.9354991 
0.2 0.9364407 
0.22 0.9364407 
0.24 0.9380885 
0.26 0.9378531 
0.28 0.8851224 
0.3 0.8851224 
0.32 0.886064 
0.34 0.8870056 
0.36 0.8879473 
0.38 0.8879473 
0.4 0.8874765 
0.42 0.8611111 
0.44 0.8333333 
0.46 0.6944444 
0.48 0.6944444 
0.5 0.6666667 
0.54 0.5833333 
0.58 0.5833333 
0.62 0.5555556 
0.66 0.5555556 
0.7 0.5277778 
0.74 0.5 
0.78 0.5 
------------- glassosf -------------
0.01 0.9877589 
0.02 0.9879944 
0.03 0.9854049 
0.04 0.9830508 
0.05 0.9816384 
0.06 0.9785782 
0.07 0.9781073 
0.08 0.9562147 
0.09 0.9347928 
0.1 0.9369115 
0.12 0.9371469 
0.14 0.9402072 
0.16 0.9124294 
0.18 0.8870056 
0.2 0.8879473 
0.22 0.8611111 
0.24 0.75 
0.26 0.75 
0.28 0.6388889 
0.3 0.5555556 
0.32 0.5555556 
0.34 0.5277778 
0.36 0.5277778 
0.38 0.5 
0.4 0.5 
0.42 0.5 
0.44 0.5 
0.46 0.5 
0.48 0.5 
0.5 0.5 
0.54 0.5 
0.58 0.5 
0.62 0.5 
0.66 0.5 
0.7 0.5 
0.74 0.5 
0.78 0.5 
------------- pcacmi -------------
------------- space -------------
0.01 0.9884652 
0.02 0.9903484 
0.03 0.9927024 
0.04 0.9910546 
0.05 0.9915254 
0.06 0.9915254 
0.07 0.9917608 
0.08 0.99129 
0.09 0.9919962 
0.1 0.9922316 
0.12 0.9908192 
0.14 0.9908192 
0.16 0.988936 
0.18 0.9877589 
0.2 0.9630414 
0.22 0.9392655 
0.24 0.940678 
0.26 0.9425612 
0.28 0.9435028 
0.3 0.9435028 
0.32 0.9439736 
0.34 0.9439736 
0.36 0.9439736 
0.38 0.9439736 
0.4 0.9439736 
0.42 0.9444444 
0.44 0.9444444 
0.46 0.9444444 
0.48 0.9444444 
0.5 0.8888889 
0.54 0.8888889 
0.58 0.8888889 
0.62 0.8888889 
0.66 0.8888889 
0.7 0.8888889 
0.74 0.8888889 
0.78 0.8888889 
0.82 0.8888889 
0.86 0.7777778 
0.9 0.7777778 
0.94 0.7222222 
0.98 0.6111111 
------------- BayesianGLasso -------------
------------- ena -------------
Constructing using GeneNet ... OK
Constructing using neighborhood selection ... OK
Constructing using GLASSO ... OK
Constructing using GLASSO-SF ... OK
Constructing using PCACMI ... OK
Constructing using SPACE ... OK
Constructing using BayesianGLasso ... OK
Ensembling network using ENA ... OK
Permutating ... OK
Calculating confidence ... OK
       GeneNet             NS         GLasso      GLasso-sf         PCACMI 
       0.86111        0.98090        0.89943        0.89965        0.92279 
         SPACE BayesianGLasso            ENA 
       0.92699        0.98399        0.98258 

i: 5; seed: 0
Working with data/temp/tiny.nSample200.sigma0.2.csv ...
=================================================

------------- GeneNet -------------
------------- NS -------------
0.01 0.3488239 0.9922316 
0.02 0.6943553 0.9927024 
0.03 1.036796 0.9936441 
0.04 1.376337 0.9922316 
0.05 1.71316 0.9931733 
0.06 2.047437 0.9945857 
0.07 2.379331 0.9948211 
0.08 2.708998 0.9952919 
0.09 3.03659 0.9941149 
0.1 3.362248 0.9950565 
0.12 4.00831 0.9945857 
0.14 4.648225 0.9943503 
0.16 5.282968 0.9941149 
0.18 5.913454 0.9952919 
0.2 6.540553 0.9955273 
0.22 7.165102 0.9950565 
0.24 7.787904 0.9952919 
0.26 8.409749 0.9948211 
0.28 9.031409 0.9948211 
0.3 9.653653 0.9938795 
0.32 10.27725 0.9945857 
0.34 10.90297 0.9943503 
0.36 11.53162 0.9943503 
0.38 12.164 0.9950565 
0.4 12.80096 0.9950565 
0.42 13.44338 0.9948211 
0.44 14.09218 0.9948211 
0.46 14.74835 0.9945857 
0.48 15.41295 0.9945857 
0.5 16.08711 0.9945857 
0.54 17.46918 0.9948211 
0.58 18.90602 0.9941149 
0.62 20.41184 0.9943503 
0.66 22.00486 0.9945857 
0.7 23.70936 0.9948211 
0.74 25.55904 0.9952919 
0.78 27.60324 0.9948211 
0.82 29.9191 0.9950565 
0.86 32.63878 0.9957627 
0.9 36.02179 0.9945857 
0.94 40.71233 0.9686911 
0.98 49.50645 0.9411488 
------------- glasso -------------
0.01 0.9938795 
0.02 0.9952919 
0.03 0.9950565 
0.04 0.9943503 
0.05 0.9936441 
0.06 0.9945857 
0.07 0.9938795 
0.08 0.9934087 
0.09 0.9931733 
0.1 0.9934087 
0.12 0.9931733 
0.14 0.992467 
0.16 0.9910546 
0.18 0.9903484 
0.2 0.9891714 
0.22 0.9868173 
0.24 0.9854049 
0.26 0.9609228 
0.28 0.9588041 
0.3 0.9329096 
0.32 0.9333804 
0.34 0.8806497 
0.36 0.8528719 
0.38 0.8516949 
0.4 0.7175141 
0.42 0.7198682 
0.44 0.7222222 
0.46 0.6944444 
0.48 0.6388889 
0.5 0.5555556 
0.54 0.5 
0.58 0.5 
0.62 0.5 
0.66 0.5 
0.7 0.5 
0.74 0.5 
0.78 0.5 
------------- glassosf -------------
0.01 0.9948211 
0.02 0.9955273 
0.03 0.9957627 
0.04 0.9955273 
0.05 0.9950565 
0.06 0.9952919 
0.07 0.9950565 
0.08 0.9945857 
0.09 0.9950565 
0.1 0.9941149 
0.12 0.992467 
0.14 0.9905838 
0.16 0.9620998 
0.18 0.9303202 
0.2 0.7991996 
0.22 0.7478814 
0.24 0.7222222 
0.26 0.5555556 
0.28 0.5 
0.3 0.5 
0.32 0.5 
0.34 0.5 
0.36 0.5 
0.38 0.5 
0.4 0.5 
0.42 0.5 
0.44 0.5 
0.46 0.5 
0.48 0.5 
0.5 0.5 
0.54 0.5 
0.58 0.5 
0.62 0.5 
0.66 0.5 
0.7 0.5 
0.74 0.5 
0.78 0.5 
------------- pcacmi -------------
------------- space -------------
0.01 0.9948211 
0.02 0.9943503 
0.03 0.9957627 
0.04 0.9943503 
0.05 0.9948211 
0.06 0.9948211 
0.07 0.9943503 
0.08 0.9945857 
0.09 0.9950565 
0.1 0.9955273 
0.12 0.9948211 
0.14 0.9952919 
0.16 0.9962335 
0.18 0.9957627 
0.2 0.9964689 
0.22 0.9962335 
0.24 0.9950565 
0.26 0.9964689 
0.28 0.9955273 
0.3 0.9957627 
0.32 0.9957627 
0.34 0.9964689 
0.36 0.9957627 
0.38 0.9955273 
0.4 0.9957627 
0.42 0.969162 
0.44 0.969162 
0.46 0.9696328 
0.48 0.9689266 
0.5 0.9684557 
0.54 0.9413842 
0.58 0.941855 
0.62 0.9416196 
0.66 0.8853578 
0.7 0.85758 
0.74 0.8295669 
0.78 0.7747175 
0.82 0.691855 
0.86 0.6944444 
0.9 0.6944444 
0.94 0.6666667 
0.98 0.6388889 
------------- BayesianGLasso -------------
------------- ena -------------
Constructing using GeneNet ... OK
Constructing using neighborhood selection ... OK
Constructing using GLASSO ... OK
Constructing using GLASSO-SF ... OK
Constructing using PCACMI ... OK
Constructing using SPACE ... OK
Constructing using BayesianGLasso ... OK
Ensembling network using ENA ... OK
Permutating ... OK
Calculating confidence ... OK
       GeneNet             NS         GLasso      GLasso-sf         PCACMI 
       0.98988        0.98243        0.90865        0.90755        0.98870 
         SPACE BayesianGLasso            ENA 
       0.93698        0.99176        0.99482 

i: 6; seed: 0
Working with data/temp/tiny.nSample200.sigma0.2.csv ...
=================================================

------------- GeneNet -------------
------------- NS -------------
0.01 0.3886348 0.9948211 
0.02 0.7736012 0.9941149 
0.03 1.155124 0.9945857 
0.04 1.533417 0.9955273 
0.05 1.908681 0.9945857 
0.06 2.281108 0.9959981 
0.07 2.650881 0.9952919 
0.08 3.018173 0.9959981 
0.09 3.383152 0.9952919 
0.1 3.745977 0.9955273 
0.12 4.465773 0.9957627 
0.14 5.178721 0.9967043 
0.16 5.885906 0.9967043 
0.18 6.588349 0.9971751 
0.2 7.287019 0.9971751 
0.22 7.982846 0.9971751 
0.24 8.676728 0.9971751 
0.26 9.369543 0.9971751 
0.28 10.06215 0.9971751 
0.3 10.75541 0.9971751 
0.32 11.45018 0.9974105 
0.34 12.14732 0.9974105 
0.36 12.84771 0.997646 
0.38 13.55227 0.997646 
0.4 14.26192 0.9971751 
0.42 14.97765 0.9974105 
0.44 15.7005 0.997646 
0.46 16.43156 0.997646 
0.48 17.17201 0.997646 
0.5 17.92311 0.9978814 
0.54 19.46292 0.997646 
0.58 21.06374 0.9981168 
0.62 22.74142 0.9985876 
0.66 24.51625 0.9985876 
0.7 26.41528 0.9990584 
0.74 28.47606 0.9990584 
0.78 30.75356 0.9990584 
0.82 33.33373 0.9990584 
0.86 36.3638 0.9990584 
0.9 40.13291 0.9990584 
0.94 45.35877 0.9990584 
0.98 55.15656 0.9722222 
------------- glasso -------------
0.01 0.9962335 
0.02 0.9955273 
0.03 0.9952919 
0.04 0.9952919 
0.05 0.9952919 
0.06 0.9957627 
0.07 0.9959981 
0.08 0.9964689 
0.09 0.9957627 
0.1 0.9955273 
0.12 0.9955273 
0.14 0.9952919 
0.16 0.9943503 
0.18 0.9938795 
0.2 0.992467 
0.22 0.99129 
0.24 0.9898776 
0.26 0.9891714 
0.28 0.9611582 
0.3 0.9347928 
0.32 0.9329096 
0.34 0.933145 
0.36 0.9048964 
0.38 0.8780603 
0.4 0.7975518 
0.42 0.7700094 
0.44 0.7427024 
0.46 0.7438795 
0.48 0.6892655 
0.5 0.6892655 
0.54 0.6944444 
0.58 0.6666667 
0.62 0.6666667 
0.66 0.6111111 
0.7 0.5555556 
0.74 0.5555556 
0.78 0.5277778 
------------- glassosf -------------
0.01 0.9941149 
0.02 0.9962335 
0.03 0.9967043 
0.04 0.9962335 
0.05 0.9971751 
0.06 0.9971751 
0.07 0.9971751 
0.08 0.9974105 
0.09 0.9971751 
0.1 0.9967043 
0.12 0.9957627 
0.14 0.9941149 
0.16 0.9635122 
0.18 0.9362053 
0.2 0.8808851 
0.22 0.8262712 
0.24 0.7966102 
0.26 0.6892655 
0.28 0.6666667 
0.3 0.6666667 
0.32 0.6666667 
0.34 0.6111111 
0.36 0.5555556 
0.38 0.5555556 
0.4 0.5277778 
0.42 0.5277778 
0.44 0.5 
0.46 0.5 
0.48 0.5 
0.5 0.5 
0.54 0.5 
0.58 0.5 
0.62 0.5 
0.66 0.5 
0.7 0.5 
0.74 0.5 
0.78 0.5 
------------- pcacmi -------------
------------- space -------------
0.01 0.9910546 
0.02 0.992467 
0.03 0.9943503 
0.04 0.9943503 
0.05 0.9952919 
0.06 0.9955273 
0.07 0.9959981 
0.08 0.9957627 
0.09 0.9955273 
0.1 0.9959981 
0.12 0.9967043 
0.14 0.9969397 
0.16 0.997646 
0.18 0.997646 
0.2 0.9985876 
0.22 0.9990584 
0.24 0.9990584 
0.26 0.9990584 
0.28 0.9990584 
0.3 0.9990584 
0.32 0.9990584 
0.34 0.9990584 
0.36 0.9990584 
0.38 0.9990584 
0.4 0.9990584 
0.42 0.9990584 
0.44 0.9717514 
0.46 0.9717514 
0.48 0.9717514 
0.5 0.9717514 
0.54 0.9439736 
0.58 0.9444444 
0.62 0.9444444 
0.66 0.9444444 
0.7 0.8888889 
0.74 0.8611111 
0.78 0.7777778 
0.82 0.7777778 
0.86 0.7777778 
0.9 0.75 
0.94 0.7222222 
0.98 0.7222222 
------------- BayesianGLasso -------------
------------- ena -------------
Constructing using GeneNet ... OK
Constructing using neighborhood selection ... OK
Constructing using GLASSO ... OK
Constructing using GLASSO-SF ... OK
Constructing using PCACMI ... OK
Constructing using SPACE ... OK
Constructing using BayesianGLasso ... OK
Ensembling network using ENA ... OK
Permutating ... OK
Calculating confidence ... OK
       GeneNet             NS         GLasso      GLasso-sf         PCACMI 
       0.88583        0.99209        0.91140        0.90843        0.98446 
         SPACE BayesianGLasso            ENA 
       0.94642        0.99623        0.99576 

i: 7; seed: 0
Working with data/temp/tiny.nSample200.sigma0.2.csv ...
=================================================

------------- GeneNet -------------
------------- NS -------------
0.01 0.3312533 0.9526836 
0.02 0.6593799 0.9545669 
0.03 0.9845715 0.9571563 
0.04 1.30701 0.9599812 
0.05 1.626866 0.9632768 
0.06 1.944305 0.9651601 
0.07 2.259481 0.9649247 
0.08 2.572543 0.9672787 
0.09 2.883633 0.9689266 
0.1 3.192888 0.9710452 
0.12 3.806407 0.9750471 
0.14 4.414089 0.9781073 
0.16 5.016859 0.9792844 
0.18 5.615586 0.9806968 
0.2 6.211098 0.9821092 
0.22 6.804187 0.9898776 
0.24 7.395619 0.9915254 
0.26 7.98614 0.9927024 
0.28 8.576487 0.9938795 
0.3 9.167387 0.9948211 
0.32 9.759572 0.9952919 
0.34 10.35378 0.9957627 
0.36 10.95076 0.9964689 
0.38 11.55129 0.9964689 
0.4 12.15616 0.9964689 
0.42 12.76622 0.9964689 
0.44 13.38234 0.9971751 
0.46 14.00546 0.9971751 
0.48 14.63658 0.9971751 
0.5 15.27678 0.9974105 
0.54 16.58924 0.9981168 
0.58 17.9537 0.997646 
0.62 19.38367 0.997646 
0.66 20.89645 0.9981168 
0.7 22.51509 0.9990584 
0.74 24.27161 0.9990584 
0.78 26.21283 0.9990584 
0.82 28.41204 0.9990584 
0.86 30.99473 0.9990584 
0.9 34.20733 0.9710452 
0.94 38.6616 0.9712806 
0.98 47.01275 0.943032 
------------- glasso -------------
0.01 0.9846987 
0.02 0.9934087 
0.03 0.9959981 
0.04 0.997646 
0.05 0.9974105 
0.06 0.9971751 
0.07 0.9969397 
0.08 0.9955273 
0.09 0.9950565 
0.1 0.9955273 
0.12 0.9945857 
0.14 0.9903484 
0.16 0.9894068 
0.18 0.9649247 
0.2 0.962806 
0.22 0.961629 
0.24 0.9613936 
0.26 0.9324388 
0.28 0.9081921 
0.3 0.8820621 
0.32 0.8794727 
0.34 0.8547552 
0.36 0.855226 
0.38 0.8027307 
0.4 0.747646 
0.42 0.7222222 
0.44 0.7222222 
0.46 0.7222222 
0.48 0.7222222 
0.5 0.6666667 
0.54 0.6388889 
0.58 0.6111111 
0.62 0.6111111 
0.66 0.5 
0.7 0.5 
0.74 0.5 
0.78 0.5 
------------- glassosf -------------
0.01 0.98258 
0.02 0.9910546 
0.03 0.9969397 
0.04 0.9985876 
0.05 0.9992938 
0.06 0.9990584 
0.07 0.9983522 
0.08 0.997646 
0.09 0.9969397 
0.1 0.9945857 
0.12 0.9670433 
0.14 0.9632768 
0.16 0.9096045 
0.18 0.8549906 
0.2 0.8039077 
0.22 0.8055556 
0.24 0.7777778 
0.26 0.6666667 
0.28 0.6388889 
0.3 0.6111111 
0.32 0.6111111 
0.34 0.5 
0.36 0.5 
0.38 0.5 
0.4 0.5 
0.42 0.5 
0.44 0.5 
0.46 0.5 
0.48 0.5 
0.5 0.5 
0.54 0.5 
0.58 0.5 
0.62 0.5 
0.66 0.5 
0.7 0.5 
0.74 0.5 
0.78 0.5 
------------- pcacmi -------------
------------- space -------------
0.01 0.9519774 
0.02 0.9606874 
0.03 0.9708098 
0.04 0.9752825 
0.05 0.9837571 
0.06 0.9875235 
0.07 0.9934087 
0.08 0.9952919 
0.09 0.9959981 
0.1 0.997646 
0.12 0.9981168 
0.14 0.998823 
0.16 0.998823 
0.18 0.9997646 
0.2 1 
0.22 0.9997646 
0.24 0.9995292 
0.26 0.9992938 
0.28 0.9990584 
0.3 0.9985876 
0.32 0.9985876 
0.34 0.9981168 
0.36 0.9708098 
0.38 0.9710452 
0.4 0.9708098 
0.42 0.9708098 
0.44 0.9435028 
0.46 0.9435028 
0.48 0.9435028 
0.5 0.9437382 
0.54 0.8888889 
0.58 0.8888889 
0.62 0.8611111 
0.66 0.8611111 
0.7 0.8333333 
0.74 0.8055556 
0.78 0.7777778 
0.82 0.75 
0.86 0.7222222 
0.9 0.7222222 
0.94 0.7222222 
0.98 0.7222222 
------------- BayesianGLasso -------------
------------- ena -------------
Constructing using GeneNet ... OK
Constructing using neighborhood selection ... OK
Constructing using GLASSO ... OK
Constructing using GLASSO-SF ... OK
Constructing using PCACMI ... OK
Constructing using SPACE ... OK
Constructing using BayesianGLasso ... OK
Ensembling network using ENA ... OK
Permutating ... OK
Calculating confidence ... OK
       GeneNet             NS         GLasso      GLasso-sf         PCACMI 
       0.77778        0.99078        0.90360        0.90470        0.96987 
         SPACE BayesianGLasso            ENA 
       0.94444        0.98517        0.99670 

i: 8; seed: 0
Working with data/temp/tiny.nSample200.sigma0.2.csv ...
=================================================

------------- GeneNet -------------
------------- NS -------------
0.01 0.3800358 0.9877589 
0.02 0.7564844 0.9870527 
0.03 1.129566 0.9872881 
0.04 1.499488 0.988936 
0.05 1.866449 0.9896422 
0.06 2.230636 0.9896422 
0.07 2.592227 0.9891714 
0.08 2.951392 0.988936 
0.09 3.308296 0.9896422 
0.1 3.663093 0.990113 
0.12 4.366963 0.9903484 
0.14 5.064136 0.9917608 
0.16 5.755674 0.9919962 
0.18 6.442574 0.992467 
0.2 7.125785 0.9938795 
0.22 7.806216 0.9948211 
0.24 8.484745 0.9934087 
0.26 9.162231 0.9943503 
0.28 9.839516 0.9948211 
0.3 10.51744 0.9952919 
0.32 11.19683 0.9957627 
0.34 11.87854 0.9962335 
0.36 12.56344 0.9955273 
0.38 13.25241 0.9959981 
0.4 13.94636 0.9959981 
0.42 14.64626 0.9964689 
0.44 15.35311 0.9964689 
0.46 16.06799 0.9969397 
0.48 16.79206 0.9957627 
0.5 17.52654 0.9967043 
0.54 19.03228 0.9967043 
0.58 20.59768 0.9974105 
0.62 22.23824 0.9967043 
0.66 23.9738 0.9974105 
0.7 25.83081 0.9971751 
0.74 27.846 0.9969397 
0.78 30.07311 0.9971751 
0.82 32.59618 0.9698682 
0.86 35.55921 0.9701036 
0.9 39.24493 0.9435028 
0.94 44.35516 0.9437382 
0.98 53.93616 0.8888889 
------------- glasso -------------
0.01 0.990113 
0.02 0.9957627 
0.03 0.9962335 
0.04 0.9971751 
0.05 0.9983522 
0.06 0.9990584 
0.07 0.997646 
0.08 0.9978814 
0.09 0.9967043 
0.1 0.9967043 
0.12 0.9962335 
0.14 0.9957627 
0.16 0.9945857 
0.18 0.9927024 
0.2 0.9675141 
0.22 0.913371 
0.24 0.9154896 
0.26 0.8879473 
0.28 0.8879473 
0.3 0.8888889 
0.32 0.8888889 
0.34 0.8333333 
0.36 0.75 
0.38 0.7222222 
0.4 0.7222222 
0.42 0.6944444 
0.44 0.6944444 
0.46 0.6666667 
0.48 0.6666667 
0.5 0.6666667 
0.54 0.5555556 
0.58 0.5 
0.62 0.5 
0.66 0.5 
0.7 0.5 
0.74 0.5 
0.78 0.5 
------------- glassosf -------------
0.01 0.9887006 
0.02 0.9938795 
0.03 0.9971751 
0.04 0.9981168 
0.05 0.9992938 
0.06 0.9992938 
0.07 0.9992938 
0.08 0.9990584 
0.09 0.998823 
0.1 0.9981168 
0.12 0.9981168 
0.14 0.9437382 
0.16 0.8888889 
0.18 0.8333333 
0.2 0.8055556 
0.22 0.6944444 
0.24 0.6666667 
0.26 0.6666667 
0.28 0.5 
0.3 0.5 
0.32 0.5 
0.34 0.5 
0.36 0.5 
0.38 0.5 
0.4 0.5 
0.42 0.5 
0.44 0.5 
0.46 0.5 
0.48 0.5 
0.5 0.5 
0.54 0.5 
0.58 0.5 
0.62 0.5 
0.66 0.5 
0.7 0.5 
0.74 0.5 
0.78 0.5 
------------- pcacmi -------------
------------- space -------------
0.01 0.9844633 
0.02 0.9856403 
0.03 0.9882298 
0.04 0.9884652 
0.05 0.9903484 
0.06 0.99129 
0.07 0.9922316 
0.08 0.9941149 
0.09 0.9955273 
0.1 0.9964689 
0.12 0.9969397 
0.14 0.9974105 
0.16 0.9978814 
0.18 0.997646 
0.2 0.9978814 
0.22 0.9978814 
0.24 0.997646 
0.26 0.9974105 
0.28 0.9978814 
0.3 0.9974105 
0.32 0.970339 
0.34 0.9705744 
0.36 0.9435028 
0.38 0.9432674 
0.4 0.9432674 
0.42 0.9435028 
0.44 0.9159605 
0.46 0.915725 
0.48 0.8888889 
0.5 0.8888889 
0.54 0.8888889 
0.58 0.8888889 
0.62 0.8611111 
0.66 0.8055556 
0.7 0.7777778 
0.74 0.75 
0.78 0.7222222 
0.82 0.7222222 
0.86 0.6944444 
0.9 0.6666667 
0.94 0.6666667 
0.98 0.6666667 
------------- BayesianGLasso -------------
------------- ena -------------
Constructing using GeneNet ... OK
Constructing using neighborhood selection ... OK
Constructing using GLASSO ... OK
Constructing using GLASSO-SF ... OK
Constructing using PCACMI ... OK
Constructing using SPACE ... OK
Constructing using BayesianGLasso ... OK
Ensembling network using ENA ... OK
Permutating ... OK
Calculating confidence ... OK
       GeneNet             NS         GLasso      GLasso-sf         PCACMI 
       0.86111        0.99649        0.92271        0.92798        0.98446 
         SPACE BayesianGLasso            ENA 
       0.94115        0.99105        0.99812 

i: 9; seed: 0
Working with data/temp/tiny.nSample200.sigma0.2.csv ...
=================================================

------------- GeneNet -------------
------------- NS -------------
0.01 0.3828645 0.9395009 
0.02 0.7621151 0.9404426 
0.03 1.137973 0.9390301 
0.04 1.510649 0.9404426 
0.05 1.880342 0.9399718 
0.06 2.247239 0.9425612 
0.07 2.611521 0.9420904 
0.08 2.97336 0.9380885 
0.09 3.33292 0.9352637 
0.1 3.690358 0.9333804 
0.12 4.399467 0.9312618 
0.14 5.10183 0.9265537 
0.16 5.798514 0.9129002 
0.18 6.490527 0.9147834 
0.2 7.178823 0.9159605 
0.22 7.864319 0.9192561 
0.24 8.547899 0.9206685 
0.26 9.230427 0.922081 
0.28 9.912753 0.9241996 
0.3 10.59572 0.9246704 
0.32 11.28017 0.9267891 
0.34 11.96696 0.9279661 
0.36 12.65695 0.9296139 
0.38 13.35105 0.9298493 
0.4 14.05016 0.9310264 
0.42 14.75527 0.931968 
0.44 15.46739 0.9336158 
0.46 16.18759 0.9336158 
0.48 16.91705 0.9333804 
0.5 17.65699 0.9338512 
0.54 19.17394 0.9354991 
0.58 20.75099 0.9345574 
0.62 22.40376 0.9354991 
0.66 24.15224 0.9373823 
0.7 26.02307 0.9371469 
0.74 28.05326 0.9378531 
0.78 30.29695 0.9392655 
0.82 32.8388 0.9385593 
0.86 35.82388 0.9124294 
0.9 39.53703 0.9150188 
0.94 44.6853 0.9147834 
0.98 54.33761 0.8888889 
------------- glasso -------------
0.01 0.9371469 
0.02 0.9183145 
0.03 0.9314972 
0.04 0.9395009 
0.05 0.9444444 
0.06 0.9482109 
0.07 0.9515066 
0.08 0.9543315 
0.09 0.9538606 
0.1 0.9548023 
0.12 0.9312618 
0.14 0.930791 
0.16 0.9298493 
0.18 0.930791 
0.2 0.9048964 
0.22 0.9084275 
0.24 0.9098399 
0.26 0.8844162 
0.28 0.8571092 
0.3 0.8582863 
0.32 0.85758 
0.34 0.8568738 
0.36 0.8015537 
0.38 0.7758945 
0.4 0.7756591 
0.42 0.75 
0.44 0.6944444 
0.46 0.6944444 
0.48 0.6666667 
0.5 0.6666667 
0.54 0.5555556 
0.58 0.5555556 
0.62 0.5555556 
0.66 0.5555556 
0.7 0.5 
0.74 0.5 
0.78 0.5 
------------- glassosf -------------
0.01 0.9432674 
0.02 0.9416196 
0.03 0.9378531 
0.04 0.9446798 
0.05 0.9515066 
0.06 0.9559793 
0.07 0.9562147 
0.08 0.9566855 
0.09 0.9336158 
0.1 0.9336158 
0.12 0.9618644 
0.14 0.9395009 
0.16 0.9124294 
0.18 0.8578154 
0.2 0.8039077 
0.22 0.75 
0.24 0.7222222 
0.26 0.6666667 
0.28 0.5555556 
0.3 0.5555556 
0.32 0.5555556 
0.34 0.5555556 
0.36 0.5 
0.38 0.5 
0.4 0.5 
0.42 0.5 
0.44 0.5 
0.46 0.5 
0.48 0.5 
0.5 0.5 
0.54 0.5 
0.58 0.5 
0.62 0.5 
0.66 0.5 
0.7 0.5 
0.74 0.5 
0.78 0.5 
------------- pcacmi -------------
------------- space -------------
0.01 0.9383239 
0.02 0.9369115 
0.03 0.9336158 
0.04 0.9305556 
0.05 0.9260829 
0.06 0.914548 
0.07 0.9185499 
0.08 0.922081 
0.09 0.9239642 
0.1 0.9265537 
0.12 0.930791 
0.14 0.934322 
0.16 0.9357345 
0.18 0.9362053 
0.2 0.9373823 
0.22 0.9380885 
0.24 0.9390301 
0.26 0.9399718 
0.28 0.9402072 
0.3 0.940678 
0.32 0.9402072 
0.34 0.9140772 
0.36 0.915725 
0.38 0.9154896 
0.4 0.915725 
0.42 0.9154896 
0.44 0.8879473 
0.46 0.8888889 
0.48 0.8888889 
0.5 0.8888889 
0.54 0.8611111 
0.58 0.8611111 
0.62 0.8333333 
0.66 0.8333333 
0.7 0.8333333 
0.74 0.7777778 
0.78 0.75 
0.82 0.75 
0.86 0.6944444 
0.9 0.6666667 
0.94 0.6666667 
0.98 0.6388889 
------------- BayesianGLasso -------------
------------- ena -------------
Constructing using GeneNet ... OK
Constructing using neighborhood selection ... OK
Constructing using GLASSO ... OK
Constructing using GLASSO-SF ... OK
Constructing using PCACMI ... OK
Constructing using SPACE ... OK
Constructing using BayesianGLasso ... OK
Ensembling network using ENA ... OK
Permutating ... OK
Calculating confidence ... OK
       GeneNet             NS         GLasso      GLasso-sf         PCACMI 
       0.66667        0.90799        0.86978        0.88516        0.97999 
         SPACE BayesianGLasso            ENA 
       0.86254        0.91431        0.96987 

i: 10; seed: 0
Working with data/temp/tiny.nSample200.sigma0.2.csv ...
=================================================

------------- GeneNet -------------
------------- NS -------------
0.01 0.3577746 0.970339 
0.02 0.7121721 0.9712806 
0.03 1.0634 0.9733992 
0.04 1.411653 0.9745763 
0.05 1.757119 0.9757533 
0.06 2.099973 0.9738701 
0.07 2.440383 0.9748117 
0.08 2.77851 0.9759887 
0.09 3.114507 0.9769303 
0.1 3.448521 0.9792844 
0.12 4.11116 0.980226 
0.14 4.767496 0.9799906 
0.16 5.418526 0.9818738 
0.18 6.065189 0.9832863 
0.2 6.70838 0.9828154 
0.22 7.348954 0.9856403 
0.24 7.987737 0.9861111 
0.26 8.625538 0.9861111 
0.28 9.26315 0.9839925 
0.3 9.90136 0.9851695 
0.32 10.54096 0.9872881 
0.34 11.18274 0.9856403 
0.36 11.82752 0.9865819 
0.38 12.47612 0.9882298 
0.4 13.12943 0.988936 
0.42 13.78833 0.9875235 
0.44 14.45378 0.9884652 
0.46 15.12679 0.9894068 
0.48 15.80844 0.9877589 
0.5 16.49989 0.9879944 
0.54 17.91743 0.9894068 
0.58 19.39114 0.9891714 
0.62 20.93559 0.9896422 
0.66 22.56949 0.9663371 
0.7 24.31773 0.9670433 
0.74 26.21487 0.9682203 
0.78 28.31152 0.9675141 
0.82 30.6868 0.9689266 
0.86 33.47627 0.9689266 
0.9 36.94609 0.9425612 
0.94 41.75698 0.943032 
0.98 50.77676 0.9166667 
------------- glasso -------------
0.01 0.9844633 
0.02 0.9877589 
0.03 0.9887006 
0.04 0.9905838 
0.05 0.990113 
0.06 0.990113 
0.07 0.990113 
0.08 0.988936 
0.09 0.9891714 
0.1 0.9872881 
0.12 0.9858757 
0.14 0.9849341 
0.16 0.9625706 
0.18 0.9620998 
0.2 0.9611582 
0.22 0.9585687 
0.24 0.9324388 
0.26 0.9039548 
0.28 0.9056026 
0.3 0.854049 
0.32 0.8528719 
0.34 0.8298023 
0.36 0.8307439 
0.38 0.8032015 
0.4 0.7754237 
0.42 0.7478814 
0.44 0.7471751 
0.46 0.6666667 
0.48 0.6666667 
0.5 0.6666667 
0.54 0.6111111 
0.58 0.5833333 
0.62 0.5833333 
0.66 0.5555556 
0.7 0.5277778 
0.74 0.5 
0.78 0.5 
------------- glassosf -------------
0.01 0.9797552 
0.02 0.9879944 
0.03 0.9915254 
0.04 0.99129 
0.05 0.9908192 
0.06 0.9898776 
0.07 0.9887006 
0.08 0.9887006 
0.09 0.9865819 
0.1 0.9637476 
0.12 0.9635122 
0.14 0.9625706 
0.16 0.8827684 
0.18 0.8834746 
0.2 0.8300377 
0.22 0.8034369 
0.24 0.6944444 
0.26 0.6944444 
0.28 0.6111111 
0.3 0.6111111 
0.32 0.5833333 
0.34 0.5555556 
0.36 0.5277778 
0.38 0.5 
0.4 0.5 
0.42 0.5 
0.44 0.5 
0.46 0.5 
0.48 0.5 
0.5 0.5 
0.54 0.5 
0.58 0.5 
0.62 0.5 
0.66 0.5 
0.7 0.5 
0.74 0.5 
0.78 0.5 
------------- pcacmi -------------
------------- space -------------
0.01 0.971516 
0.02 0.9733992 
0.03 0.9771657 
0.04 0.979049 
0.05 0.9804614 
0.06 0.9832863 
0.07 0.9851695 
0.08 0.9856403 
0.09 0.9882298 
0.1 0.9861111 
0.12 0.9898776 
0.14 0.9905838 
0.16 0.9917608 
0.18 0.9919962 
0.2 0.9668079 
0.22 0.9679849 
0.24 0.9686911 
0.26 0.9686911 
0.28 0.9693974 
0.3 0.9693974 
0.32 0.9693974 
0.34 0.9425612 
0.36 0.9425612 
0.38 0.943032 
0.4 0.9435028 
0.42 0.9435028 
0.44 0.9444444 
0.46 0.9166667 
0.48 0.9166667 
0.5 0.9166667 
0.54 0.9166667 
0.58 0.8888889 
0.62 0.8333333 
0.66 0.8055556 
0.7 0.7777778 
0.74 0.7777778 
0.78 0.7777778 
0.82 0.75 
0.86 0.7222222 
0.9 0.6944444 
0.94 0.6666667 
0.98 0.6666667 
------------- BayesianGLasso -------------
------------- ena -------------
Constructing using GeneNet ... OK
Constructing using neighborhood selection ... OK
Constructing using GLASSO ... OK
Constructing using GLASSO-SF ... OK
Constructing using PCACMI ... OK
Constructing using SPACE ... OK
Constructing using BayesianGLasso ... OK
Ensembling network using ENA ... OK
Permutating ... OK
Calculating confidence ... OK
       GeneNet             NS         GLasso      GLasso-sf         PCACMI 
       0.83004        0.98112        0.89262        0.89284        0.96634 
         SPACE BayesianGLasso            ENA 
       0.93676        0.97622        0.98658 

