WARNING: ignoring environment value of R_HOME
$noise
[1] 0.5

$plot
[1] TRUE

$rounds
[1] 10

$samp
[1] 50

$seed
[1] 0

$simu
[1] "ggm"

$size
[1] "tiny"

$verbose
[1] TRUE

i: 1; seed: 0
Working with data/temp/tiny.nSample50.sigma0.5.csv ...
=================================================

------------- GeneNet -------------
------------- NS -------------
0.01 0.1993951 0.6911488 
0.02 0.3969081 0.6982109 
0.03 0.5926545 0.6982109 
0.04 0.7867434 0.7158663 
0.05 0.9792784 0.7158663 
0.06 1.170358 0.7238701 
0.07 1.360075 0.7269303 
0.08 1.548521 0.7335217 
0.09 1.735779 0.7372881 
0.1 1.921932 0.7452919 
0.12 2.291234 0.7561205 
0.14 2.657023 0.7627119 
0.16 3.019856 0.7730697 
0.18 3.380255 0.7824859 
0.2 3.738718 0.788371 
0.22 4.095723 0.7949623 
0.24 4.45173 0.7999058 
0.26 4.80719 0.8076742 
0.28 5.162544 0.8100282 
0.3 5.518231 0.799435 
0.32 5.874692 0.8017891 
0.34 6.23237 0.8097928 
0.36 6.591718 0.8135593 
0.38 6.9532 0.8187382 
0.4 7.317299 0.8201507 
0.42 7.684518 0.8048493 
0.44 8.055386 0.8055556 
0.46 8.430468 0.8060264 
0.48 8.810366 0.8109699 
0.5 9.19573 0.8145009 
0.54 9.985752 0.7961394 
0.58 10.80708 0.7968456 
0.62 11.66784 0.8050847 
0.66 12.57844 0.7806026 
0.7 13.55277 0.780838 
0.74 14.61009 0.7622411 
0.78 15.77859 0.7161017 
0.82 17.10239 0.6967985 
0.86 18.65701 0.704096 
0.9 20.59082 0.6826742 
0.94 23.27202 0.6556026 
0.98 28.29893 0.6111111 
------------- glasso -------------
0.01 0.7271657 
0.02 0.7589454 
0.03 0.7855461 
0.04 0.7980226 
0.05 0.8062618 
0.06 0.8145009 
0.07 0.8246234 
0.08 0.8298023 
0.09 0.8307439 
0.1 0.8359228 
0.12 0.8413371 
0.14 0.8469868 
0.16 0.8526365 
0.18 0.8568738 
0.2 0.8573446 
0.22 0.8170904 
0.24 0.7973164 
0.26 0.797081 
0.28 0.7558851 
0.3 0.7330508 
0.32 0.6913842 
0.34 0.6939736 
0.36 0.6958569 
0.38 0.6963277 
0.4 0.6749058 
0.42 0.6798493 
0.44 0.6829096 
0.46 0.655838 
0.48 0.6591337 
0.5 0.6315913 
0.54 0.6071092 
0.58 0.5793315 
0.62 0.5277778 
0.66 0.5277778 
0.7 0.5277778 
0.74 0.5277778 
0.78 0.5 
------------- glassosf -------------
0.01 0.7212806 
0.02 0.7408192 
0.03 0.7690678 
0.04 0.7914313 
0.05 0.8043785 
0.06 0.8166196 
0.07 0.8250942 
0.08 0.8305085 
0.09 0.8554614 
0.1 0.8472222 
0.12 0.8538136 
0.14 0.8177966 
0.16 0.7528249 
0.18 0.7396422 
0.2 0.6699623 
0.22 0.6779661 
0.24 0.6563089 
0.26 0.6322976 
0.28 0.6073446 
0.3 0.5833333 
0.32 0.5277778 
0.34 0.5277778 
0.36 0.5277778 
0.38 0.5277778 
0.4 0.5 
0.42 0.5 
0.44 0.5 
0.46 0.5 
0.48 0.5 
0.5 0.5 
0.54 0.5 
0.58 0.5 
0.62 0.5 
0.66 0.5 
0.7 0.5 
0.74 0.5 
0.78 0.5 
------------- pcacmi -------------
------------- space -------------
0.01 0.6965631 
0.02 0.7010358 
0.03 0.7137476 
0.04 0.7175141 
0.05 0.7259887 
0.06 0.7264595 
0.07 0.7382298 
0.08 0.7467043 
0.09 0.7516478 
0.1 0.7662429 
0.12 0.7749529 
0.14 0.7803672 
0.16 0.7928437 
0.18 0.8022599 
0.2 0.8083804 
0.22 0.7984934 
0.24 0.8024953 
0.26 0.8090866 
0.28 0.8107345 
0.3 0.7947269 
0.32 0.7977872 
0.34 0.7831921 
0.36 0.7864878 
0.38 0.7904896 
0.4 0.7909605 
0.42 0.7909605 
0.44 0.7721281 
0.46 0.7723635 
0.48 0.7751883 
0.5 0.7791902 
0.54 0.73258 
0.58 0.7370527 
0.62 0.6939736 
0.66 0.6986817 
0.7 0.7008004 
0.74 0.7008004 
0.78 0.7055085 
0.82 0.681968 
0.86 0.654661 
0.9 0.6556026 
0.94 0.6551318 
0.98 0.654661 
------------- BayesianGLasso -------------
------------- ena -------------
Constructing using GeneNet ... OK
Constructing using neighborhood selection ... OK
Constructing using GLASSO ... OK
Constructing using GLASSO-SF ... OK
Constructing using PCACMI ... OK
Constructing using SPACE ... OK
Constructing using BayesianGLasso ... OK
Ensembling network using ENA ... OK
Permutating ... OK
Calculating confidence ... OK
       GeneNet             NS         GLasso      GLasso-sf         PCACMI 
       0.50000        0.81401        0.77877        0.78393        0.78390 
         SPACE BayesianGLasso            ENA 
       0.75736        0.83686        0.83239 

i: 2; seed: 0
Working with data/temp/tiny.nSample50.sigma0.5.csv ...
=================================================

------------- GeneNet -------------
------------- NS -------------
0.01 0.2271982 0.76742 
0.02 0.452252 0.7770716 
0.03 0.6752927 0.7782486 
0.04 0.8964449 0.7815443 
0.05 1.115826 0.7747175 
0.06 1.33355 0.7791902 
0.07 1.549721 0.7836629 
0.08 1.764442 0.7848399 
0.09 1.977811 0.7798964 
0.1 2.189921 0.7862524 
0.12 2.610718 0.7888418 
0.14 3.027512 0.8010829 
0.16 3.440937 0.8088512 
0.18 3.851589 0.8159134 
0.2 4.260035 0.808145 
0.22 4.66682 0.8109699 
0.24 5.072468 0.8133239 
0.26 5.477492 0.8152072 
0.28 5.882395 0.8166196 
0.3 6.287679 0.8199153 
0.32 6.693844 0.8229755 
0.34 7.101395 0.8243879 
0.36 7.51085 0.827919 
0.38 7.922736 0.826742 
0.4 8.337604 0.8300377 
0.42 8.756027 0.8145009 
0.44 9.178609 0.7937853 
0.46 9.605991 0.7963748 
0.48 10.03886 0.7975518 
0.5 10.47796 0.7987288 
0.54 11.37814 0.8008475 
0.58 12.31399 0.806968 
0.62 13.29477 0.8119115 
0.66 14.33235 0.819209 
0.7 15.44253 0.8246234 
0.74 16.64728 0.7751883 
0.78 17.97872 0.7803672 
0.82 19.4871 0.7827213 
0.86 21.2585 0.7881356 
0.9 23.46194 0.7678908 
0.94 26.51701 0.76742 
0.98 32.24486 0.6944444 
------------- glasso -------------
0.01 0.798258 
0.02 0.7987288 
0.03 0.8175612 
0.04 0.8253296 
0.05 0.8330979 
0.06 0.8425141 
0.07 0.8498117 
0.08 0.8396893 
0.09 0.8604049 
0.1 0.8512241 
0.12 0.863936 
0.14 0.8684087 
0.16 0.8724105 
0.18 0.873823 
0.2 0.8775895 
0.22 0.8841808 
0.24 0.8839454 
0.26 0.8855932 
0.28 0.8455744 
0.3 0.8229755 
0.32 0.8001412 
0.34 0.7794256 
0.36 0.7806026 
0.38 0.7827213 
0.4 0.7584746 
0.42 0.7641243 
0.44 0.7645951 
0.46 0.7382298 
0.48 0.7139831 
0.5 0.7135122 
0.54 0.6887947 
0.58 0.6638418 
0.62 0.6388889 
0.66 0.5833333 
0.7 0.5277778 
0.74 0.5277778 
0.78 0.5277778 
------------- glassosf -------------
0.01 0.7966102 
0.02 0.8032015 
0.03 0.8095574 
0.04 0.8234463 
0.05 0.8406309 
0.06 0.8479284 
0.07 0.872646 
0.08 0.8691149 
0.09 0.86629 
0.1 0.875 
0.12 0.8870056 
0.14 0.8928908 
0.16 0.8733522 
0.18 0.8790019 
0.2 0.8036723 
0.22 0.7846045 
0.24 0.7344633 
0.26 0.7137476 
0.28 0.6885593 
0.3 0.6638418 
0.32 0.6388889 
0.34 0.5833333 
0.36 0.5277778 
0.38 0.5277778 
0.4 0.5277778 
0.42 0.5277778 
0.44 0.5 
0.46 0.5 
0.48 0.5 
0.5 0.5 
0.54 0.5 
0.58 0.5 
0.62 0.5 
0.66 0.5 
0.7 0.5 
0.74 0.5 
0.78 0.5 
------------- pcacmi -------------
------------- space -------------
0.01 0.7681262 
0.02 0.7707156 
0.03 0.7791902 
0.04 0.7820151 
0.05 0.7864878 
0.06 0.7911959 
0.07 0.7916667 
0.08 0.7911959 
0.09 0.7888418 
0.1 0.7937853 
0.12 0.8067326 
0.14 0.8175612 
0.16 0.8250942 
0.18 0.8154426 
0.2 0.8199153 
0.22 0.8239171 
0.24 0.8305085 
0.26 0.8338041 
0.28 0.8387476 
0.3 0.845339 
0.32 0.8491055 
0.34 0.854049 
0.36 0.8554614 
0.38 0.8556968 
0.4 0.8606403 
0.42 0.8627589 
0.44 0.8182674 
0.46 0.8196798 
0.48 0.7733051 
0.5 0.7747175 
0.54 0.7758945 
0.58 0.7831921 
0.62 0.7848399 
0.66 0.7869586 
0.7 0.7897834 
0.74 0.7921375 
0.78 0.7935499 
0.82 0.768597 
0.86 0.7415254 
0.9 0.7408192 
0.94 0.7137476 
0.98 0.6866761 
------------- BayesianGLasso -------------
------------- ena -------------
Constructing using GeneNet ... OK
Constructing using neighborhood selection ... OK
Constructing using GLASSO ... OK
Constructing using GLASSO-SF ... OK
Constructing using PCACMI ... OK
Constructing using SPACE ... OK
Constructing using BayesianGLasso ... OK
Ensembling network using ENA ... OK
Permutating ... OK
Calculating confidence ... OK
       GeneNet             NS         GLasso      GLasso-sf         PCACMI 
       0.73305        0.85222        0.82005        0.82587        0.89101 
         SPACE BayesianGLasso            ENA 
       0.81730        0.85711        0.86558 

i: 3; seed: 0
Working with data/temp/tiny.nSample50.sigma0.5.csv ...
=================================================

------------- GeneNet -------------
------------- NS -------------
0.01 0.2123177 0.7919021 
0.02 0.4226314 0.7991996 
0.03 0.6310639 0.8053202 
0.04 0.8377316 0.8145009 
0.05 1.042745 0.8208569 
0.06 1.246208 0.8232109 
0.07 1.448221 0.8135593 
0.08 1.648879 0.8166196 
0.09 1.848273 0.8152072 
0.1 2.04649 0.8135593 
0.12 2.439727 0.8102637 
0.14 2.829223 0.8135593 
0.16 3.21557 0.8022599 
0.18 3.599326 0.8055556 
0.2 3.981021 0.7933145 
0.22 4.361163 0.7956685 
0.24 4.740243 0.8015537 
0.26 5.118739 0.8062618 
0.28 5.497123 0.8116761 
0.3 5.875863 0.7977872 
0.32 6.255425 0.7853107 
0.34 6.636284 0.790725 
0.36 7.018921 0.7921375 
0.38 7.403831 0.7954331 
0.4 7.791527 0.7975518 
0.42 8.182544 0.8029661 
0.44 8.577449 0.8109699 
0.46 8.976839 0.8116761 
0.48 9.381358 0.8161488 
0.5 9.791697 0.818032 
0.54 10.63292 0.8229755 
0.58 11.50748 0.8283898 
0.62 12.42402 0.8307439 
0.66 13.39364 0.8309793 
0.7 14.43111 0.8072034 
0.74 15.55695 0.8126177 
0.78 16.80119 0.7886064 
0.82 18.21078 0.7890772 
0.86 19.86616 0.7643597 
0.9 21.92529 0.7137476 
0.94 24.78026 0.6318267 
0.98 30.13296 0.60758 
------------- glasso -------------
0.01 0.8250942 
0.02 0.8321563 
0.03 0.8173258 
0.04 0.8097928 
0.05 0.795904 
0.06 0.8041431 
0.07 0.8088512 
0.08 0.8163842 
0.09 0.8213277 
0.1 0.8269774 
0.12 0.8392185 
0.14 0.8493409 
0.16 0.8396893 
0.18 0.8455744 
0.2 0.8269774 
0.22 0.827919 
0.24 0.8083804 
0.26 0.8116761 
0.28 0.8130885 
0.3 0.7869586 
0.32 0.7874294 
0.34 0.7627119 
0.36 0.7683616 
0.38 0.7410546 
0.4 0.7408192 
0.42 0.6862053 
0.44 0.6318267 
0.46 0.6313559 
0.48 0.6313559 
0.5 0.5762712 
0.54 0.5555556 
0.58 0.5277778 
0.62 0.5277778 
0.66 0.5 
0.7 0.5 
0.74 0.5 
0.78 0.5 
------------- glassosf -------------
0.01 0.8100282 
0.02 0.8298023 
0.03 0.8375706 
0.04 0.8312147 
0.05 0.8243879 
0.06 0.8041431 
0.07 0.8213277 
0.08 0.8295669 
0.09 0.8387476 
0.1 0.8516949 
0.12 0.8479284 
0.14 0.806968 
0.16 0.7876648 
0.18 0.7904896 
0.2 0.7678908 
0.22 0.6854991 
0.24 0.6311205 
0.26 0.5762712 
0.28 0.5277778 
0.3 0.5277778 
0.32 0.5277778 
0.34 0.5 
0.36 0.5 
0.38 0.5 
0.4 0.5 
0.42 0.5 
0.44 0.5 
0.46 0.5 
0.48 0.5 
0.5 0.5 
0.54 0.5 
0.58 0.5 
0.62 0.5 
0.66 0.5 
0.7 0.5 
0.74 0.5 
0.78 0.5 
------------- pcacmi -------------
------------- space -------------
0.01 0.788371 
0.02 0.7984934 
0.03 0.8055556 
0.04 0.8135593 
0.05 0.8173258 
0.06 0.8196798 
0.07 0.8217985 
0.08 0.8187382 
0.09 0.818032 
0.1 0.819209 
0.12 0.8182674 
0.14 0.8053202 
0.16 0.8107345 
0.18 0.815678 
0.2 0.8213277 
0.22 0.8272128 
0.24 0.8265066 
0.26 0.8137947 
0.28 0.8036723 
0.3 0.8100282 
0.32 0.8142655 
0.34 0.8206215 
0.36 0.8276836 
0.38 0.8281544 
0.4 0.8312147 
0.42 0.8307439 
0.44 0.834275 
0.46 0.8347458 
0.48 0.8373352 
0.5 0.8368644 
0.54 0.8145009 
0.58 0.7886064 
0.62 0.7888418 
0.66 0.7620056 
0.7 0.7624765 
0.74 0.738936 
0.78 0.7410546 
0.82 0.7408192 
0.86 0.6586629 
0.9 0.604049 
0.94 0.6038136 
0.98 0.6038136 
------------- BayesianGLasso -------------
------------- ena -------------
Constructing using GeneNet ... OK
Constructing using neighborhood selection ... OK
Constructing using GLASSO ... OK
Constructing using GLASSO-SF ... OK
Constructing using PCACMI ... OK
Constructing using SPACE ... OK
Constructing using BayesianGLasso ... OK
Ensembling network using ENA ... OK
Permutating ... OK
Calculating confidence ... OK
       GeneNet             NS         GLasso      GLasso-sf         PCACMI 
       0.78343        0.83509        0.77975        0.78832        0.84958 
         SPACE BayesianGLasso            ENA 
       0.77975        0.80838        0.81073 

i: 4; seed: 0
Working with data/temp/tiny.nSample50.sigma0.5.csv ...
=================================================

------------- GeneNet -------------
------------- NS -------------
0.01 0.186232 0.6718456 
0.02 0.3707062 0.6805556 
0.03 0.5535303 0.6902072 
0.04 0.7348064 0.7003296 
0.05 0.9146311 0.7090395 
0.06 1.093096 0.7163371 
0.07 1.27029 0.7149247 
0.08 1.446295 0.7281073 
0.09 1.621191 0.7361111 
0.1 1.795055 0.7452919 
0.12 2.139978 0.7655367 
0.14 2.481619 0.7794256 
0.16 2.820499 0.7893126 
0.18 3.157106 0.7977872 
0.2 3.491906 0.789548 
0.22 3.825343 0.7975518 
0.24 4.157848 0.8039077 
0.26 4.489842 0.8097928 
0.28 4.821737 0.815678 
0.3 5.153944 0.8154426 
0.32 5.486873 0.8189736 
0.34 5.820939 0.8208569 
0.36 6.156564 0.8208569 
0.38 6.494183 0.8196798 
0.4 6.834246 0.8194444 
0.42 7.177223 0.8262712 
0.44 7.523608 0.8100282 
0.46 7.873929 0.7890772 
0.48 8.228748 0.7888418 
0.5 8.588672 0.7921375 
0.54 9.32654 0.7966102 
0.58 10.09365 0.7740113 
0.62 10.89758 0.7791902 
0.66 11.74807 0.780838 
0.7 12.65808 0.7867232 
0.74 13.6456 0.7862524 
0.78 14.73697 0.789548 
0.82 15.97337 0.7916667 
0.86 17.42537 0.7434087 
0.9 19.23151 0.7509416 
0.94 21.73571 0.6751412 
0.98 26.43077 0.6271186 
------------- glasso -------------
0.01 0.7502354 
0.02 0.7881356 
0.03 0.8135593 
0.04 0.8222693 
0.05 0.8345104 
0.06 0.8554614 
0.07 0.8547552 
0.08 0.8420433 
0.09 0.8451036 
0.1 0.8458098 
0.12 0.8481638 
0.14 0.8300377 
0.16 0.8133239 
0.18 0.7909605 
0.2 0.7716573 
0.22 0.7751883 
0.24 0.7813089 
0.26 0.7822505 
0.28 0.7836629 
0.3 0.7853107 
0.32 0.7879002 
0.34 0.7653013 
0.36 0.7434087 
0.38 0.7238701 
0.4 0.7255179 
0.42 0.7274011 
0.44 0.7271657 
0.46 0.6791431 
0.48 0.6793785 
0.5 0.6824388 
0.54 0.6275895 
0.58 0.6311205 
0.62 0.5833333 
0.66 0.5555556 
0.7 0.5 
0.74 0.5 
0.78 0.5 
------------- glassosf -------------
0.01 0.7106874 
0.02 0.7525895 
0.03 0.7803672 
0.04 0.8119115 
0.05 0.8222693 
0.06 0.8632298 
0.07 0.8415725 
0.08 0.8448682 
0.09 0.8460452 
0.1 0.8283898 
0.12 0.7923729 
0.14 0.7803672 
0.16 0.7829567 
0.18 0.7874294 
0.2 0.7436441 
0.22 0.730226 
0.24 0.7292844 
0.26 0.6826742 
0.28 0.6833804 
0.3 0.6313559 
0.32 0.5833333 
0.34 0.5 
0.36 0.5 
0.38 0.5 
0.4 0.5 
0.42 0.5 
0.44 0.5 
0.46 0.5 
0.48 0.5 
0.5 0.5 
0.54 0.5 
0.58 0.5 
0.62 0.5 
0.66 0.5 
0.7 0.5 
0.74 0.5 
0.78 0.5 
------------- pcacmi -------------
------------- space -------------
0.01 0.6678437 
0.02 0.6850282 
0.03 0.6935028 
0.04 0.7055085 
0.05 0.7139831 
0.06 0.7222222 
0.07 0.7304614 
0.08 0.742467 
0.09 0.7631827 
0.1 0.7766008 
0.12 0.7827213 
0.14 0.8006121 
0.16 0.8010829 
0.18 0.8114407 
0.2 0.8140301 
0.22 0.8185028 
0.24 0.8206215 
0.26 0.8013183 
0.28 0.8062618 
0.3 0.8109699 
0.32 0.7911959 
0.34 0.7911959 
0.36 0.7947269 
0.38 0.7961394 
0.4 0.7751883 
0.42 0.7742467 
0.44 0.777307 
0.46 0.780838 
0.48 0.7817797 
0.5 0.7820151 
0.54 0.7853107 
0.58 0.7650659 
0.62 0.7655367 
0.66 0.7676554 
0.7 0.7208098 
0.74 0.7208098 
0.78 0.6965631 
0.82 0.701742 
0.86 0.6490113 
0.9 0.6490113 
0.94 0.6492467 
0.98 0.6520716 
------------- BayesianGLasso -------------
------------- ena -------------
Constructing using GeneNet ... OK
Constructing using neighborhood selection ... OK
Constructing using GLASSO ... OK
Constructing using GLASSO-SF ... OK
Constructing using PCACMI ... OK
Constructing using SPACE ... OK
Constructing using BayesianGLasso ... OK
Ensembling network using ENA ... OK
Permutating ... OK
Calculating confidence ... OK
       GeneNet             NS         GLasso      GLasso-sf         PCACMI 
       0.82062        0.84914        0.79666        0.78810        0.80485 
         SPACE BayesianGLasso            ENA 
       0.78217        0.85758        0.84605 

i: 5; seed: 0
Working with data/temp/tiny.nSample50.sigma0.5.csv ...
=================================================

------------- GeneNet -------------
------------- NS -------------
0.01 0.2292527 0.7224576 
0.02 0.4563414 0.7288136 
0.03 0.681399 0.7330508 
0.04 0.9045509 0.74129 
0.05 1.125916 0.738936 
0.06 1.345608 0.7408192 
0.07 1.563734 0.7445857 
0.08 1.780397 0.751177 
0.09 1.995695 0.7521186 
0.1 2.209723 0.747646 
0.12 2.634325 0.7507062 
0.14 3.054888 0.7601224 
0.16 3.472051 0.7690678 
0.18 3.886416 0.7747175 
0.2 4.298556 0.7838983 
0.22 4.709019 0.7888418 
0.24 5.118335 0.7935499 
0.26 5.527021 0.8029661 
0.28 5.935586 0.8102637 
0.3 6.344535 0.8107345 
0.32 6.754372 0.8170904 
0.34 7.165609 0.8220339 
0.36 7.578766 0.8232109 
0.38 7.994377 0.829096 
0.4 8.412996 0.8116761 
0.42 8.835203 0.8128531 
0.44 9.261605 0.8196798 
0.46 9.692852 0.8229755 
0.48 10.12964 0.8034369 
0.5 10.57271 0.8067326 
0.54 11.48102 0.8119115 
0.58 12.42534 0.8121469 
0.62 13.41499 0.8145009 
0.66 14.46195 0.8170904 
0.7 15.58217 0.8217985 
0.74 16.79781 0.8236817 
0.78 18.14129 0.825565 
0.82 19.66331 0.7521186 
0.86 21.45073 0.7288136 
0.9 23.6741 0.7304614 
0.94 26.75679 0.7043315 
0.98 32.53643 0.5758004 
------------- glasso -------------
0.01 0.7631827 
0.02 0.7645951 
0.03 0.7740113 
0.04 0.7824859 
0.05 0.7973164 
0.06 0.8053202 
0.07 0.8126177 
0.08 0.8177966 
0.09 0.8258004 
0.1 0.8288606 
0.12 0.837806 
0.14 0.846516 
0.16 0.8538136 
0.18 0.8578154 
0.2 0.8613465 
0.22 0.8422787 
0.24 0.8439266 
0.26 0.8427495 
0.28 0.8213277 
0.3 0.7737759 
0.32 0.7754237 
0.34 0.7542373 
0.36 0.7292844 
0.38 0.7071563 
0.4 0.7076271 
0.42 0.7080979 
0.44 0.7078625 
0.46 0.7080979 
0.48 0.6292373 
0.5 0.6318267 
0.54 0.6353578 
0.58 0.5833333 
0.62 0.5833333 
0.66 0.5555556 
0.7 0.5 
0.74 0.5 
0.78 0.5 
------------- glassosf -------------
0.01 0.7591808 
0.02 0.7742467 
0.03 0.7664783 
0.04 0.7761299 
0.05 0.7864878 
0.06 0.8041431 
0.07 0.8152072 
0.08 0.827919 
0.09 0.8347458 
0.1 0.8455744 
0.12 0.8582863 
0.14 0.86629 
0.16 0.8215631 
0.18 0.8017891 
0.2 0.7059793 
0.22 0.7088041 
0.24 0.6822034 
0.26 0.6873823 
0.28 0.6388889 
0.3 0.5833333 
0.32 0.5833333 
0.34 0.5555556 
0.36 0.5 
0.38 0.5 
0.4 0.5 
0.42 0.5 
0.44 0.5 
0.46 0.5 
0.48 0.5 
0.5 0.5 
0.54 0.5 
0.58 0.5 
0.62 0.5 
0.66 0.5 
0.7 0.5 
0.74 0.5 
0.78 0.5 
------------- pcacmi -------------
------------- space -------------
0.01 0.7269303 
0.02 0.7382298 
0.03 0.7427024 
0.04 0.7450565 
0.05 0.7490584 
0.06 0.7558851 
0.07 0.757533 
0.08 0.7554143 
0.09 0.7608286 
0.1 0.7568267 
0.12 0.76742 
0.14 0.777307 
0.16 0.7914313 
0.18 0.8022599 
0.2 0.8074388 
0.22 0.816855 
0.24 0.8215631 
0.26 0.8281544 
0.28 0.8328625 
0.3 0.8392185 
0.32 0.8448682 
0.34 0.8474576 
0.36 0.8545198 
0.38 0.8095574 
0.4 0.8104991 
0.42 0.8107345 
0.44 0.815678 
0.46 0.815678 
0.48 0.8185028 
0.5 0.7942561 
0.54 0.7714218 
0.58 0.7766008 
0.62 0.777307 
0.66 0.7787194 
0.7 0.7561205 
0.74 0.7033898 
0.78 0.7033898 
0.82 0.7062147 
0.86 0.6525424 
0.9 0.6530132 
0.94 0.6530132 
0.98 0.655838 
------------- BayesianGLasso -------------
------------- ena -------------
Constructing using GeneNet ... OK
Constructing using neighborhood selection ... OK
Constructing using GLASSO ... OK
Constructing using GLASSO-SF ... OK
Constructing using PCACMI ... OK
Constructing using SPACE ... OK
Constructing using BayesianGLasso ... OK
Ensembling network using ENA ... OK
Permutating ... OK
Calculating confidence ... OK
       GeneNet             NS         GLasso      GLasso-sf         PCACMI 
       0.61794        0.83355        0.76416        0.77317        0.87288 
         SPACE BayesianGLasso            ENA 
       0.78920        0.80202        0.83522 

i: 6; seed: 0
Working with data/temp/tiny.nSample50.sigma0.5.csv ...
=================================================

------------- GeneNet -------------
------------- NS -------------
0.01 0.2018308 0.882533 
0.02 0.4017565 0.8867702 
0.03 0.599894 0.8921846 
0.04 0.7963538 0.8931262 
0.05 0.9912407 0.8961864 
0.06 1.184654 0.9025424 
0.07 1.376689 0.9016008 
0.08 1.567436 0.9053672 
0.09 1.756982 0.904661 
0.1 1.945409 0.902307 
0.12 2.319223 0.9063089 
0.14 2.68948 0.9150188 
0.16 3.056745 0.9185499 
0.18 3.421546 0.9194915 
0.2 3.784388 0.924435 
0.22 4.145754 0.9260829 
0.24 4.50611 0.9284369 
0.26 4.865912 0.930791 
0.28 5.225606 0.9314972 
0.3 5.585639 0.9350282 
0.32 5.946454 0.9364407 
0.34 6.308501 0.9390301 
0.36 6.672239 0.9392655 
0.38 7.038137 0.9420904 
0.4 7.406683 0.9444444 
0.42 7.778388 0.9463277 
0.44 8.153787 0.9467985 
0.46 8.53345 0.9484463 
0.48 8.917989 0.9491525 
0.5 9.30806 0.9493879 
0.54 10.10773 0.9500942 
0.58 10.93909 0.951742 
0.62 11.81036 0.9531544 
0.66 12.73209 0.9536252 
0.7 13.71832 0.9545669 
0.74 14.78856 0.9293785 
0.78 15.97134 0.9291431 
0.82 17.3113 0.9329096 
0.86 18.88492 0.9077213 
0.9 20.84234 0.8830038 
0.94 23.5563 0.7756591 
0.98 28.64461 0.6666667 
------------- glasso -------------
0.01 0.905838 
0.02 0.9114878 
0.03 0.9129002 
0.04 0.9192561 
0.05 0.9241996 
0.06 0.9312618 
0.07 0.9336158 
0.08 0.9366761 
0.09 0.9392655 
0.1 0.9411488 
0.12 0.9456215 
0.14 0.9465631 
0.16 0.9512712 
0.18 0.9510358 
0.2 0.950565 
0.22 0.9531544 
0.24 0.9515066 
0.26 0.9489171 
0.28 0.9482109 
0.3 0.9470339 
0.32 0.9185499 
0.34 0.8679379 
0.36 0.8406309 
0.38 0.8425141 
0.4 0.789548 
0.42 0.7408192 
0.44 0.7408192 
0.46 0.7151601 
0.48 0.6904426 
0.5 0.6899718 
0.54 0.634887 
0.58 0.5798023 
0.62 0.5833333 
0.66 0.5833333 
0.7 0.5833333 
0.74 0.5555556 
0.78 0.5555556 
------------- glassosf -------------
0.01 0.8978343 
0.02 0.9140772 
0.03 0.9199623 
0.04 0.9169021 
0.05 0.9241996 
0.06 0.9314972 
0.07 0.9369115 
0.08 0.9411488 
0.09 0.9453861 
0.1 0.950565 
0.12 0.9510358 
0.14 0.9519774 
0.16 0.9500942 
0.18 0.9176083 
0.2 0.8413371 
0.22 0.790725 
0.24 0.7408192 
0.26 0.7175141 
0.28 0.6073446 
0.3 0.5798023 
0.32 0.5833333 
0.34 0.5833333 
0.36 0.5833333 
0.38 0.5555556 
0.4 0.5555556 
0.42 0.5 
0.44 0.5 
0.46 0.5 
0.48 0.5 
0.5 0.5 
0.54 0.5 
0.58 0.5 
0.62 0.5 
0.66 0.5 
0.7 0.5 
0.74 0.5 
0.78 0.5 
------------- pcacmi -------------
------------- space -------------
0.01 0.8830038 
0.02 0.8884181 
0.03 0.8933616 
0.04 0.9020716 
0.05 0.9030132 
0.06 0.9086629 
0.07 0.9098399 
0.08 0.9027778 
0.09 0.9096045 
0.1 0.9105461 
0.12 0.9180791 
0.14 0.9246704 
0.16 0.9263183 
0.18 0.9303202 
0.2 0.9354991 
0.22 0.9371469 
0.24 0.9385593 
0.26 0.941855 
0.28 0.9444444 
0.3 0.9453861 
0.32 0.9475047 
0.34 0.9470339 
0.36 0.9500942 
0.38 0.9503296 
0.4 0.9491525 
0.42 0.9508004 
0.44 0.9522128 
0.46 0.9508004 
0.48 0.9522128 
0.5 0.9522128 
0.54 0.9260829 
0.58 0.8999529 
0.62 0.8472222 
0.66 0.846516 
0.7 0.8451036 
0.74 0.7937853 
0.78 0.7683616 
0.82 0.7135122 
0.86 0.6887947 
0.9 0.6913842 
0.94 0.6913842 
0.98 0.6638418 
------------- BayesianGLasso -------------
------------- ena -------------
Constructing using GeneNet ... OK
Constructing using neighborhood selection ... OK
Constructing using GLASSO ... OK
Constructing using GLASSO-SF ... OK
Constructing using PCACMI ... OK
Constructing using SPACE ... OK
Constructing using BayesianGLasso ... OK
Ensembling network using ENA ... OK
Permutating ... OK
Calculating confidence ... OK
       GeneNet             NS         GLasso      GLasso-sf         PCACMI 
       0.76789        0.94708        0.86605        0.86298        0.91714 
         SPACE BayesianGLasso            ENA 
       0.88450        0.91926        0.92961 

i: 7; seed: 0
Working with data/temp/tiny.nSample50.sigma0.5.csv ...
=================================================

------------- GeneNet -------------
------------- NS -------------
0.01 0.1633017 0.7787194 
0.02 0.3250619 0.7798964 
0.03 0.4853753 0.7744821 
0.04 0.6443313 0.778484 
0.05 0.8020146 0.7824859 
0.06 0.9585059 0.7881356 
0.07 1.113882 0.7864878 
0.08 1.268216 0.7923729 
0.09 1.421577 0.7966102 
0.1 1.574034 0.7977872 
0.12 1.876487 0.8053202 
0.14 2.176063 0.8128531 
0.16 2.473217 0.8161488 
0.18 2.768379 0.8215631 
0.2 3.061955 0.8248588 
0.22 3.354337 0.8298023 
0.24 3.645902 0.8326271 
0.26 3.937018 0.8227401 
0.28 4.228047 0.826742 
0.3 4.51935 0.8305085 
0.32 4.811286 0.8326271 
0.34 5.104219 0.8333333 
0.36 5.39852 0.8368644 
0.38 5.694569 0.8403955 
0.4 5.99276 0.845339 
0.42 6.293507 0.845339 
0.44 6.597243 0.8488701 
0.46 6.90443 0.8309793 
0.48 7.21556 0.8300377 
0.5 7.531168 0.8335687 
0.54 8.178184 0.8370998 
0.58 8.85084 0.8491055 
0.62 9.555787 0.8500471 
0.66 10.30156 0.8568738 
0.7 11.09952 0.8298023 
0.74 11.96545 0.7834275 
0.78 12.92244 0.7631827 
0.82 14.0066 0.7387006 
0.86 15.27982 0.7405838 
0.9 16.86357 0.7450565 
0.94 19.05944 0.6892655 
0.98 23.17641 0.6344162 
------------- glasso -------------
0.01 0.8112053 
0.02 0.8182674 
0.03 0.8182674 
0.04 0.8373352 
0.05 0.845339 
0.06 0.8526365 
0.07 0.8481638 
0.08 0.8531073 
0.09 0.8528719 
0.1 0.8547552 
0.12 0.8498117 
0.14 0.854049 
0.16 0.837806 
0.18 0.8443974 
0.2 0.8432203 
0.22 0.845339 
0.24 0.844162 
0.26 0.7744821 
0.28 0.7766008 
0.3 0.7544727 
0.32 0.7655367 
0.34 0.7403484 
0.36 0.742467 
0.38 0.7445857 
0.4 0.7445857 
0.42 0.7445857 
0.44 0.7168079 
0.46 0.6892655 
0.48 0.6895009 
0.5 0.6895009 
0.54 0.6066384 
0.58 0.5788606 
0.62 0.5235405 
0.66 0.5 
0.7 0.5 
0.74 0.5 
0.78 0.5 
------------- glassosf -------------
0.01 0.7984934 
0.02 0.8126177 
0.03 0.8236817 
0.04 0.8328625 
0.05 0.8335687 
0.06 0.8408663 
0.07 0.8462806 
0.08 0.8399247 
0.09 0.8467514 
0.1 0.8578154 
0.12 0.8632298 
0.14 0.8201507 
0.16 0.7798964 
0.18 0.76742 
0.2 0.7683616 
0.22 0.7172787 
0.24 0.7172787 
0.26 0.6895009 
0.28 0.5793315 
0.3 0.5788606 
0.32 0.5 
0.34 0.5 
0.36 0.5 
0.38 0.5 
0.4 0.5 
0.42 0.5 
0.44 0.5 
0.46 0.5 
0.48 0.5 
0.5 0.5 
0.54 0.5 
0.58 0.5 
0.62 0.5 
0.66 0.5 
0.7 0.5 
0.74 0.5 
0.78 0.5 
------------- pcacmi -------------
------------- space -------------
0.01 0.7754237 
0.02 0.7747175 
0.03 0.7787194 
0.04 0.7817797 
0.05 0.7874294 
0.06 0.7947269 
0.07 0.787194 
0.08 0.795904 
0.09 0.7999058 
0.1 0.806968 
0.12 0.8170904 
0.14 0.8203861 
0.16 0.8253296 
0.18 0.8196798 
0.2 0.825565 
0.22 0.8307439 
0.24 0.8326271 
0.26 0.8406309 
0.28 0.8243879 
0.3 0.8272128 
0.32 0.805791 
0.34 0.8121469 
0.36 0.8121469 
0.38 0.8166196 
0.4 0.8203861 
0.42 0.8222693 
0.44 0.8250942 
0.46 0.8015537 
0.48 0.8024953 
0.5 0.8067326 
0.54 0.7831921 
0.58 0.75871 
0.62 0.7384652 
0.66 0.7384652 
0.7 0.7403484 
0.74 0.7443503 
0.78 0.7443503 
0.82 0.7443503 
0.86 0.7168079 
0.9 0.6892655 
0.94 0.6614878 
0.98 0.6339454 
------------- BayesianGLasso -------------
------------- ena -------------
Constructing using GeneNet ... OK
Constructing using neighborhood selection ... OK
Constructing using GLASSO ... OK
Constructing using GLASSO-SF ... OK
Constructing using PCACMI ... OK
Constructing using SPACE ... OK
Constructing using BayesianGLasso ... OK
Ensembling network using ENA ... OK
Permutating ... OK
Calculating confidence ... OK
       GeneNet             NS         GLasso      GLasso-sf         PCACMI 
       0.50000        0.85639        0.78568        0.79798        0.87241 
         SPACE BayesianGLasso            ENA 
       0.79227        0.86205        0.87618 

i: 8; seed: 0
Working with data/temp/tiny.nSample50.sigma0.5.csv ...
=================================================

------------- GeneNet -------------
------------- NS -------------
0.01 0.1659554 0.7768362 
0.02 0.3303443 0.7667137 
0.03 0.4932628 0.7636535 
0.04 0.6548018 0.7662429 
0.05 0.8150476 0.7671846 
0.06 0.9740819 0.7721281 
0.07 1.131983 0.7827213 
0.08 1.288824 0.7813089 
0.09 1.444678 0.7904896 
0.1 1.599612 0.7848399 
0.12 1.906981 0.7975518 
0.14 2.211425 0.8055556 
0.16 2.513408 0.8114407 
0.18 2.813366 0.8189736 
0.2 3.111713 0.8253296 
0.22 3.408846 0.827919 
0.24 3.705148 0.8312147 
0.26 4.000995 0.8333333 
0.28 4.296754 0.8382768 
0.3 4.592791 0.8415725 
0.32 4.889471 0.846516 
0.34 5.187164 0.8486347 
0.36 5.486247 0.8493409 
0.38 5.787107 0.8516949 
0.4 6.090144 0.856403 
0.42 6.395778 0.8545198 
0.44 6.70445 0.8582863 
0.46 7.016628 0.8582863 
0.48 7.332815 0.8632298 
0.5 7.653551 0.8620527 
0.54 8.311082 0.8634652 
0.58 8.994668 0.8665254 
0.62 9.711071 0.8665254 
0.66 10.46896 0.8472222 
0.7 11.27989 0.7984934 
0.74 12.15989 0.8036723 
0.78 13.13243 0.8064972 
0.82 14.23421 0.7838983 
0.86 15.52812 0.7857815 
0.9 17.13761 0.7862524 
0.94 19.36917 0.7332863 
0.98 23.55303 0.6327684 
------------- glasso -------------
0.01 0.7740113 
0.02 0.790725 
0.03 0.8185028 
0.04 0.8227401 
0.05 0.8349812 
0.06 0.8298023 
0.07 0.8375706 
0.08 0.8436911 
0.09 0.8467514 
0.1 0.8486347 
0.12 0.856403 
0.14 0.8601695 
0.16 0.8611111 
0.18 0.8632298 
0.2 0.8592279 
0.22 0.8382768 
0.24 0.8411017 
0.26 0.8418079 
0.28 0.8182674 
0.3 0.7951977 
0.32 0.797081 
0.34 0.7977872 
0.36 0.7737759 
0.38 0.7744821 
0.4 0.7758945 
0.42 0.7777778 
0.44 0.7309322 
0.46 0.7066855 
0.48 0.6581921 
0.5 0.6581921 
0.54 0.6666667 
0.58 0.5833333 
0.62 0.5555556 
0.66 0.5277778 
0.7 0.5277778 
0.74 0.5 
0.78 0.5 
------------- glassosf -------------
0.01 0.7620056 
0.02 0.7822505 
0.03 0.7954331 
0.04 0.8166196 
0.05 0.8328625 
0.06 0.8469868 
0.07 0.8432203 
0.08 0.846516 
0.09 0.8531073 
0.1 0.855226 
0.12 0.8345104 
0.14 0.8389831 
0.16 0.8187382 
0.18 0.7954331 
0.2 0.7761299 
0.22 0.7794256 
0.24 0.7318738 
0.26 0.6885593 
0.28 0.6666667 
0.3 0.5833333 
0.32 0.5555556 
0.34 0.5277778 
0.36 0.5 
0.38 0.5 
0.4 0.5 
0.42 0.5 
0.44 0.5 
0.46 0.5 
0.48 0.5 
0.5 0.5 
0.54 0.5 
0.58 0.5 
0.62 0.5 
0.66 0.5 
0.7 0.5 
0.74 0.5 
0.78 0.5 
------------- pcacmi -------------
------------- space -------------
0.01 0.7660075 
0.02 0.7657721 
0.03 0.7624765 
0.04 0.7716573 
0.05 0.777307 
0.06 0.7857815 
0.07 0.7923729 
0.08 0.7876648 
0.09 0.7966102 
0.1 0.8036723 
0.12 0.8128531 
0.14 0.8241525 
0.16 0.8300377 
0.18 0.8330979 
0.2 0.8352166 
0.22 0.8396893 
0.24 0.8406309 
0.26 0.8462806 
0.28 0.8483992 
0.3 0.8533427 
0.32 0.8549906 
0.34 0.8568738 
0.36 0.8568738 
0.38 0.8618173 
0.4 0.8396893 
0.42 0.8425141 
0.44 0.819209 
0.46 0.8196798 
0.48 0.7973164 
0.5 0.797081 
0.54 0.7756591 
0.58 0.7763653 
0.62 0.7756591 
0.66 0.7820151 
0.7 0.7554143 
0.74 0.7304614 
0.78 0.7299906 
0.82 0.7330508 
0.86 0.7102166 
0.9 0.7130414 
0.94 0.6603107 
0.98 0.663371 
------------- BayesianGLasso -------------
------------- ena -------------
Constructing using GeneNet ... OK
Constructing using neighborhood selection ... OK
Constructing using GLASSO ... OK
Constructing using GLASSO-SF ... OK
Constructing using PCACMI ... OK
Constructing using SPACE ... OK
Constructing using BayesianGLasso ... OK
Ensembling network using ENA ... OK
Permutating ... OK
Calculating confidence ... OK
       GeneNet             NS         GLasso      GLasso-sf         PCACMI 
       0.79261        0.83158        0.76921        0.76965        0.89972 
         SPACE BayesianGLasso            ENA 
       0.76438        0.84487        0.86959 

i: 9; seed: 0
Working with data/temp/tiny.nSample50.sigma0.5.csv ...
=================================================

------------- GeneNet -------------
------------- NS -------------
0.01 0.2257633 0.7643597 
0.02 0.4493956 0.7641243 
0.03 0.6710276 0.7683616 
0.04 0.890783 0.7723635 
0.05 1.108779 0.7716573 
0.06 1.325127 0.7723635 
0.07 1.539933 0.7766008 
0.08 1.753298 0.7740113 
0.09 1.96532 0.7758945 
0.1 2.17609 0.778484 
0.12 2.594229 0.7688324 
0.14 3.00839 0.7810734 
0.16 3.419204 0.7890772 
0.18 3.827262 0.7827213 
0.2 4.233129 0.7909605 
0.22 4.637345 0.7991996 
0.24 5.040431 0.8067326 
0.26 5.442896 0.8112053 
0.28 5.845243 0.8126177 
0.3 6.247967 0.819209 
0.32 6.651566 0.8203861 
0.34 7.056544 0.8258004 
0.36 7.463412 0.8232109 
0.38 7.872697 0.8265066 
0.4 8.284945 0.8274482 
0.42 8.700725 0.8274482 
0.44 9.120637 0.8314501 
0.46 9.545321 0.8338041 
0.48 9.975456 0.8345104 
0.5 10.41178 0.8363936 
0.54 11.30628 0.8375706 
0.58 12.23622 0.8161488 
0.62 13.2108 0.8173258 
0.66 14.24183 0.816855 
0.7 15.345 0.8166196 
0.74 16.54214 0.7980226 
0.78 17.86517 0.7509416 
0.82 19.36402 0.7088041 
0.86 21.12423 0.7149247 
0.9 23.31376 0.7179849 
0.94 26.34953 0.652307 
0.98 32.0412 0.5958098 
------------- glasso -------------
0.01 0.8053202 
0.02 0.7963748 
0.03 0.7897834 
0.04 0.7984934 
0.05 0.8017891 
0.06 0.8109699 
0.07 0.8152072 
0.08 0.8217985 
0.09 0.8258004 
0.1 0.8295669 
0.12 0.835452 
0.14 0.8361582 
0.16 0.856403 
0.18 0.8566384 
0.2 0.8604049 
0.22 0.8606403 
0.24 0.8185028 
0.26 0.8187382 
0.28 0.7980226 
0.3 0.7951977 
0.32 0.7530603 
0.34 0.7601224 
0.36 0.7608286 
0.38 0.7137476 
0.4 0.7198682 
0.42 0.7257533 
0.44 0.6986817 
0.46 0.6782015 
0.48 0.6520716 
0.5 0.6541902 
0.54 0.6574859 
0.58 0.5753296 
0.62 0.5515537 
0.66 0.5277778 
0.7 0.5 
0.74 0.5 
0.78 0.5 
------------- glassosf -------------
0.01 0.8048493 
0.02 0.8076742 
0.03 0.8043785 
0.04 0.7928437 
0.05 0.8036723 
0.06 0.8034369 
0.07 0.8135593 
0.08 0.8199153 
0.09 0.8326271 
0.1 0.834275 
0.12 0.8556968 
0.14 0.8578154 
0.16 0.8375706 
0.18 0.7700094 
0.2 0.7088041 
0.22 0.7156309 
0.24 0.7281073 
0.26 0.6501883 
0.28 0.6572505 
0.3 0.5750942 
0.32 0.5515537 
0.34 0.5277778 
0.36 0.5 
0.38 0.5 
0.4 0.5 
0.42 0.5 
0.44 0.5 
0.46 0.5 
0.48 0.5 
0.5 0.5 
0.54 0.5 
0.58 0.5 
0.62 0.5 
0.66 0.5 
0.7 0.5 
0.74 0.5 
0.78 0.5 
------------- pcacmi -------------
------------- space -------------
0.01 0.7622411 
0.02 0.7629473 
0.03 0.7645951 
0.04 0.76742 
0.05 0.7702448 
0.06 0.7669492 
0.07 0.76742 
0.08 0.769774 
0.09 0.7653013 
0.1 0.7700094 
0.12 0.7664783 
0.14 0.778484 
0.16 0.7831921 
0.18 0.7886064 
0.2 0.7989642 
0.22 0.8034369 
0.24 0.809322 
0.26 0.8123823 
0.28 0.8133239 
0.3 0.8020245 
0.32 0.8041431 
0.34 0.8074388 
0.36 0.8104991 
0.38 0.815678 
0.4 0.8177966 
0.42 0.8163842 
0.44 0.8215631 
0.46 0.8215631 
0.48 0.8215631 
0.5 0.7968456 
0.54 0.7817797 
0.58 0.7862524 
0.62 0.7650659 
0.66 0.740113 
0.7 0.6904426 
0.74 0.6956215 
0.78 0.6718456 
0.82 0.6772599 
0.86 0.653484 
0.9 0.655838 
0.94 0.6560734 
0.98 0.6553672 
------------- BayesianGLasso -------------
------------- ena -------------
Constructing using GeneNet ... OK
Constructing using neighborhood selection ... OK
Constructing using GLASSO ... OK
Constructing using GLASSO-SF ... OK
Constructing using PCACMI ... OK
Constructing using SPACE ... OK
Constructing using BayesianGLasso ... OK
Ensembling network using ENA ... OK
Permutating ... OK
Calculating confidence ... OK
       GeneNet             NS         GLasso      GLasso-sf         PCACMI 
       0.77613        0.81225        0.75889        0.75692        0.82415 
         SPACE BayesianGLasso            ENA 
       0.75999        0.79049        0.83098 

i: 10; seed: 0
Working with data/temp/tiny.nSample50.sigma0.5.csv ...
=================================================

------------- GeneNet -------------
------------- NS -------------
0.01 0.2081164 0.8142655 
0.02 0.4142684 0.816855 
0.03 0.6185765 0.8166196 
0.04 0.8211546 0.819209 
0.05 1.022111 0.8250942 
0.06 1.221548 0.826742 
0.07 1.419564 0.8309793 
0.08 1.616251 0.8349812 
0.09 1.8117 0.8347458 
0.1 2.005995 0.8396893 
0.12 2.39145 0.8479284 
0.14 2.773238 0.8531073 
0.16 3.151941 0.8451036 
0.18 3.528103 0.8500471 
0.2 3.902245 0.8573446 
0.22 4.274865 0.8632298 
0.24 4.646444 0.8681733 
0.26 5.01745 0.8733522 
0.28 5.388347 0.8775895 
0.3 5.759592 0.8820621 
0.32 6.131644 0.882533 
0.34 6.504966 0.8851224 
0.36 6.880032 0.8877119 
0.38 7.257325 0.8898305 
0.4 7.637349 0.8933616 
0.42 8.020629 0.8945386 
0.44 8.407719 0.8954802 
0.46 8.799207 0.8990113 
0.48 9.195721 0.8992467 
0.5 9.59794 0.8994821 
0.54 10.42252 0.9025424 
0.58 11.27977 0.9063089 
0.62 12.17817 0.9105461 
0.66 13.12861 0.913371 
0.7 14.14555 0.9154896 
0.74 15.24911 0.8893597 
0.78 16.46873 0.8634652 
0.82 17.85042 0.8114407 
0.86 19.47305 0.75871 
0.9 21.49143 0.6544256 
0.94 24.28991 0.6537194 
0.98 29.53669 0.6035782 
------------- glasso -------------
0.01 0.8568738 
0.02 0.8660546 
0.03 0.8778249 
0.04 0.8858286 
0.05 0.8808851 
0.06 0.8912429 
0.07 0.8931262 
0.08 0.8983051 
0.09 0.9025424 
0.1 0.9048964 
0.12 0.905838 
0.14 0.9098399 
0.16 0.9124294 
0.18 0.913371 
0.2 0.9152542 
0.22 0.9154896 
0.24 0.9136064 
0.26 0.9138418 
0.28 0.9117232 
0.3 0.8905367 
0.32 0.8912429 
0.34 0.8919492 
0.36 0.8655838 
0.38 0.8152072 
0.4 0.7330508 
0.42 0.7328154 
0.44 0.7342279 
0.46 0.6784369 
0.48 0.6541902 
0.5 0.6306497 
0.54 0.6028719 
0.58 0.5750942 
0.62 0.5477872 
0.66 0.5475518 
0.7 0.5555556 
0.74 0.5277778 
0.78 0.5277778 
------------- glassosf -------------
0.01 0.8533427 
0.02 0.8644068 
0.03 0.8677024 
0.04 0.8785311 
0.05 0.8780603 
0.06 0.8879473 
0.07 0.8973635 
0.08 0.9016008 
0.09 0.9070151 
0.1 0.9110169 
0.12 0.9164313 
0.14 0.9194915 
0.16 0.9183145 
0.18 0.9218456 
0.2 0.8408663 
0.22 0.8137947 
0.24 0.6789077 
0.26 0.6537194 
0.28 0.6024011 
0.3 0.5746234 
0.32 0.5473164 
0.34 0.5473164 
0.36 0.5237759 
0.38 0.5277778 
0.4 0.5277778 
0.42 0.5277778 
0.44 0.5 
0.46 0.5 
0.48 0.5 
0.5 0.5 
0.54 0.5 
0.58 0.5 
0.62 0.5 
0.66 0.5 
0.7 0.5 
0.74 0.5 
0.78 0.5 
------------- pcacmi -------------
------------- space -------------
0.01 0.8043785 
0.02 0.8104991 
0.03 0.8175612 
0.04 0.8210923 
0.05 0.8272128 
0.06 0.8349812 
0.07 0.834275 
0.08 0.8387476 
0.09 0.844162 
0.1 0.8493409 
0.12 0.8556968 
0.14 0.8535782 
0.16 0.8665254 
0.18 0.8731168 
0.2 0.8808851 
0.22 0.8879473 
0.24 0.8917137 
0.26 0.8928908 
0.28 0.8943032 
0.3 0.8987759 
0.32 0.9048964 
0.34 0.9044256 
0.36 0.9070151 
0.38 0.9086629 
0.4 0.9086629 
0.42 0.9114878 
0.44 0.9154896 
0.46 0.9147834 
0.48 0.9161959 
0.5 0.9159605 
0.54 0.8928908 
0.58 0.8672316 
0.62 0.8679379 
0.66 0.8667608 
0.7 0.8411017 
0.74 0.8401601 
0.78 0.7335217 
0.82 0.7106874 
0.86 0.7106874 
0.9 0.6859699 
0.94 0.6308851 
0.98 0.6035782 
------------- BayesianGLasso -------------
------------- ena -------------
Constructing using GeneNet ... OK
Constructing using neighborhood selection ... OK
Constructing using GLASSO ... OK
Constructing using GLASSO-SF ... OK
Constructing using PCACMI ... OK
Constructing using SPACE ... OK
Constructing using BayesianGLasso ... OK
Ensembling network using ENA ... OK
Permutating ... OK
Calculating confidence ... OK
       GeneNet             NS         GLasso      GLasso-sf         PCACMI 
       0.85711        0.88669        0.81588        0.83619        0.90960 
         SPACE BayesianGLasso            ENA 
       0.83344        0.89195        0.90490 

