WARNING: ignoring environment value of R_HOME
$noise
[1] 0.2

$plot
[1] TRUE

$rounds
[1] 10

$samp
[1] 50

$seed
[1] 0

$simu
[1] "ggm"

$size
[1] "tiny"

$verbose
[1] TRUE

i: 1; seed: 0
Working with data/temp/tiny.nSample50.sigma0.2.csv ...
=================================================

------------- GeneNet -------------
------------- NS -------------
0.01 0.1794687 0.7452919 
0.02 0.3572434 0.7537665 
0.03 0.5334279 0.757533 
0.04 0.7081207 0.7648305 
0.05 0.8814148 0.7751883 
0.06 1.053399 0.7855461 
0.07 1.224157 0.7911959 
0.08 1.39377 0.7937853 
0.09 1.562315 0.8013183 
0.1 1.729865 0.8017891 
0.12 2.062261 0.8135593 
0.14 2.391496 0.8232109 
0.16 2.718068 0.8295669 
0.18 3.042451 0.834275 
0.2 3.365092 0.8389831 
0.22 3.686419 0.8446328 
0.24 4.006849 0.8298023 
0.26 4.326786 0.8512241 
0.28 4.646628 0.834275 
0.3 4.96677 0.8399247 
0.32 5.287608 0.8460452 
0.34 5.609542 0.8486347 
0.36 5.932979 0.8533427 
0.38 6.258337 0.8559322 
0.4 6.586049 0.8775895 
0.42 6.91657 0.8820621 
0.44 7.250376 0.8844162 
0.46 7.587975 0.8858286 
0.48 7.929908 0.8912429 
0.5 8.276761 0.8931262 
0.54 8.987832 0.8954802 
0.58 9.727081 0.9018362 
0.62 10.50182 0.9053672 
0.66 11.32142 0.8877119 
0.7 12.19838 0.8945386 
0.74 13.15004 0.8724105 
0.78 14.20177 0.8757062 
0.82 15.39327 0.8479284 
0.86 16.79254 0.7935499 
0.9 18.53309 0.74129 
0.94 20.94635 0.7142185 
0.98 25.47089 0.6355932 
------------- glasso -------------
0.01 0.7869586 
0.02 0.8250942 
0.03 0.8622881 
0.04 0.8851224 
0.05 0.8973635 
0.06 0.9072505 
0.07 0.9112524 
0.08 0.9143126 
0.09 0.9027778 
0.1 0.9107815 
0.12 0.9176083 
0.14 0.9201977 
0.16 0.9230226 
0.18 0.9246704 
0.2 0.9300847 
0.22 0.9112524 
0.24 0.8888889 
0.26 0.8921846 
0.28 0.8688795 
0.3 0.8700565 
0.32 0.8163842 
0.34 0.7911959 
0.36 0.7678908 
0.38 0.7403484 
0.4 0.7403484 
0.42 0.7125706 
0.44 0.6854991 
0.46 0.6880885 
0.48 0.663371 
0.5 0.663371 
0.54 0.5833333 
0.58 0.5555556 
0.62 0.5277778 
0.66 0.5 
0.7 0.5 
0.74 0.5 
0.78 0.5 
------------- glassosf -------------
0.01 0.7763653 
0.02 0.7909605 
0.03 0.8258004 
0.04 0.8641714 
0.05 0.893597 
0.06 0.9060734 
0.07 0.9185499 
0.08 0.9265537 
0.09 0.9164313 
0.1 0.9216102 
0.12 0.9279661 
0.14 0.9362053 
0.16 0.8618173 
0.18 0.8199153 
0.2 0.7683616 
0.22 0.74129 
0.24 0.6857345 
0.26 0.6631356 
0.28 0.5833333 
0.3 0.5555556 
0.32 0.5277778 
0.34 0.5 
0.36 0.5 
0.38 0.5 
0.4 0.5 
0.42 0.5 
0.44 0.5 
0.46 0.5 
0.48 0.5 
0.5 0.5 
0.54 0.5 
0.58 0.5 
0.62 0.5 
0.66 0.5 
0.7 0.5 
0.74 0.5 
0.78 0.5 
------------- pcacmi -------------
------------- space -------------
0.01 0.7530603 
0.02 0.759887 
0.03 0.7723635 
0.04 0.7862524 
0.05 0.7911959 
0.06 0.8036723 
0.07 0.8107345 
0.08 0.8177966 
0.09 0.8236817 
0.1 0.8403955 
0.12 0.8684087 
0.14 0.877354 
0.16 0.8872411 
0.18 0.8797081 
0.2 0.8709981 
0.22 0.8792373 
0.24 0.8827684 
0.26 0.8874765 
0.28 0.8919492 
0.3 0.8952448 
0.32 0.895951 
0.34 0.9001883 
0.36 0.9016008 
0.38 0.8804143 
0.4 0.8839454 
0.42 0.8853578 
0.44 0.8634652 
0.46 0.8648776 
0.48 0.8698211 
0.5 0.8700565 
0.54 0.8740584 
0.58 0.8474576 
0.62 0.8208569 
0.66 0.7954331 
0.7 0.7156309 
0.74 0.7153955 
0.78 0.6880885 
0.82 0.6880885 
0.86 0.6883239 
0.9 0.6880885 
0.94 0.6631356 
0.98 0.6353578 
------------- BayesianGLasso -------------
------------- ena -------------
Constructing using GeneNet ... OK
Constructing using neighborhood selection ... OK
Constructing using GLASSO ... OK
Constructing using GLASSO-SF ... OK
Constructing using PCACMI ... OK
Constructing using SPACE ... OK
Constructing using BayesianGLasso ... OK
Ensembling network using ENA ... OK
Permutating ... OK
Calculating confidence ... OK
       GeneNet             NS         GLasso      GLasso-sf         PCACMI 
       0.83333        0.89614        0.86451        0.86891        0.90725 
         SPACE BayesianGLasso            ENA 
       0.86430        0.90278        0.91761 

i: 2; seed: 0
Working with data/temp/tiny.nSample50.sigma0.2.csv ...
=================================================

------------- GeneNet -------------
------------- NS -------------
0.01 0.187354 0.867467 
0.02 0.3729396 0.8691149 
0.03 0.5568652 0.8698211 
0.04 0.7392335 0.8712335 
0.05 0.9201417 0.8764124 
0.06 1.099682 0.8790019 
0.07 1.277943 0.8787665 
0.08 1.455008 0.8844162 
0.09 1.630958 0.8846516 
0.1 1.80587 0.8870056 
0.12 2.152871 0.8858286 
0.14 2.496571 0.8931262 
0.16 2.837492 0.895951 
0.18 3.176128 0.895951 
0.2 3.512944 0.8971281 
0.22 3.84839 0.8997175 
0.24 4.182899 0.8978343 
0.26 4.516893 0.8990113 
0.28 4.850787 0.8983051 
0.3 5.184996 0.8999529 
0.32 5.519931 0.9027778 
0.34 5.856009 0.902307 
0.36 6.193657 0.8604049 
0.38 6.53331 0.8613465 
0.4 6.875421 0.8644068 
0.42 7.220464 0.8665254 
0.44 7.568937 0.8677024 
0.46 7.921369 0.8467514 
0.48 8.278325 0.8479284 
0.5 8.640418 0.8498117 
0.54 9.382731 0.8502825 
0.58 10.15446 0.8524011 
0.62 10.96324 0.8578154 
0.66 11.81886 0.8571092 
0.7 12.73434 0.8389831 
0.74 13.72781 0.8420433 
0.78 14.82575 0.8170904 
0.82 16.06961 0.7954331 
0.86 17.53035 0.7968456 
0.9 19.34738 0.7730697 
0.94 21.86667 0.7186911 
0.98 26.59001 0.6111111 
------------- glasso -------------
0.01 0.8797081 
0.02 0.8862994 
0.03 0.8862994 
0.04 0.8907721 
0.05 0.8990113 
0.06 0.9011299 
0.07 0.9013653 
0.08 0.9039548 
0.09 0.9056026 
0.1 0.8888889 
0.12 0.8926554 
0.14 0.8933616 
0.16 0.8964218 
0.18 0.9004237 
0.2 0.8785311 
0.22 0.8561676 
0.24 0.8373352 
0.26 0.8415725 
0.28 0.8175612 
0.3 0.8173258 
0.32 0.8175612 
0.34 0.7916667 
0.36 0.7387006 
0.38 0.7158663 
0.4 0.7179849 
0.42 0.6629002 
0.44 0.634887 
0.46 0.60758 
0.48 0.5833333 
0.5 0.5833333 
0.54 0.5277778 
0.58 0.5277778 
0.62 0.5277778 
0.66 0.5277778 
0.7 0.5 
0.74 0.5 
0.78 0.5 
------------- glassosf -------------
0.01 0.8822976 
0.02 0.8851224 
0.03 0.8881827 
0.04 0.8898305 
0.05 0.8954802 
0.06 0.9008945 
0.07 0.9053672 
0.08 0.9079567 
0.09 0.8928908 
0.1 0.8968927 
0.12 0.9020716 
0.14 0.8604049 
0.16 0.8448682 
0.18 0.8201507 
0.2 0.738936 
0.22 0.663371 
0.24 0.5833333 
0.26 0.5833333 
0.28 0.5277778 
0.3 0.5277778 
0.32 0.5277778 
0.34 0.5 
0.36 0.5 
0.38 0.5 
0.4 0.5 
0.42 0.5 
0.44 0.5 
0.46 0.5 
0.48 0.5 
0.5 0.5 
0.54 0.5 
0.58 0.5 
0.62 0.5 
0.66 0.5 
0.7 0.5 
0.74 0.5 
0.78 0.5 
------------- pcacmi -------------
------------- space -------------
0.01 0.8622881 
0.02 0.867467 
0.03 0.8672316 
0.04 0.8728814 
0.05 0.8782957 
0.06 0.8822976 
0.07 0.8820621 
0.08 0.8844162 
0.09 0.8867702 
0.1 0.8914783 
0.12 0.8926554 
0.14 0.8975989 
0.16 0.8994821 
0.18 0.9041902 
0.2 0.9053672 
0.22 0.9070151 
0.24 0.8884181 
0.26 0.8919492 
0.28 0.8940678 
0.3 0.8483992 
0.32 0.8481638 
0.34 0.8507533 
0.36 0.8505179 
0.38 0.8286252 
0.4 0.8283898 
0.42 0.8302731 
0.44 0.8086158 
0.46 0.8121469 
0.48 0.8140301 
0.5 0.8137947 
0.54 0.8196798 
0.58 0.8208569 
0.62 0.7954331 
0.66 0.7405838 
0.7 0.7429379 
0.74 0.7422316 
0.78 0.6876177 
0.82 0.6899718 
0.86 0.6351224 
0.9 0.634887 
0.94 0.60758 
0.98 0.5833333 
------------- BayesianGLasso -------------
------------- ena -------------
Constructing using GeneNet ... OK
Constructing using neighborhood selection ... OK
Constructing using GLASSO ... OK
Constructing using GLASSO-SF ... OK
Constructing using PCACMI ... OK
Constructing using SPACE ... OK
Constructing using BayesianGLasso ... OK
Ensembling network using ENA ... OK
Permutating ... OK
Calculating confidence ... OK
       GeneNet             NS         GLasso      GLasso-sf         PCACMI 
       0.80367        0.90184        0.82806        0.83114        0.83239 
         SPACE BayesianGLasso            ENA 
       0.84245        0.89218        0.89642 

i: 3; seed: 0
Working with data/temp/tiny.nSample50.sigma0.2.csv ...
=================================================

------------- GeneNet -------------
------------- NS -------------
0.01 0.1855252 0.8064972 
0.02 0.3692993 0.8173258 
0.03 0.5514296 0.8234463 
0.04 0.7320178 0.8286252 
0.05 0.9111601 0.8300377 
0.06 1.088948 0.837806 
0.07 1.265469 0.844162 
0.08 1.440806 0.8498117 
0.09 1.615038 0.8439266 
0.1 1.788243 0.8455744 
0.12 2.131857 0.8507533 
0.14 2.472202 0.8592279 
0.16 2.809795 0.8648776 
0.18 3.145125 0.8669962 
0.2 3.478654 0.8721751 
0.22 3.810826 0.8742938 
0.24 4.142069 0.8764124 
0.26 4.472803 0.8813559 
0.28 4.803438 0.8846516 
0.3 5.134384 0.8865348 
0.32 5.46605 0.8893597 
0.34 5.798848 0.8921846 
0.36 6.1332 0.8952448 
0.38 6.469538 0.8973635 
0.4 6.80831 0.8966573 
0.42 7.149985 0.8985405 
0.44 7.495056 0.9197269 
0.46 7.844047 0.9211394 
0.48 8.19752 0.8985405 
0.5 8.556078 0.9011299 
0.54 9.291146 0.905838 
0.58 10.05534 0.9143126 
0.62 10.85623 0.9183145 
0.66 11.70349 0.894774 
0.7 12.61004 0.8987759 
0.74 13.59381 0.9020716 
0.78 14.68104 0.8790019 
0.82 15.91275 0.8813559 
0.86 17.35924 0.8822976 
0.9 19.15852 0.884887 
0.94 21.65323 0.7222222 
0.98 26.33046 0.5833333 
------------- glasso -------------
0.01 0.8512241 
0.02 0.8592279 
0.03 0.8780603 
0.04 0.8943032 
0.05 0.8910075 
0.06 0.8999529 
0.07 0.9048964 
0.08 0.913371 
0.09 0.915725 
0.1 0.9185499 
0.12 0.9206685 
0.14 0.9230226 
0.16 0.9065443 
0.18 0.9077213 
0.2 0.9079567 
0.22 0.8938324 
0.24 0.8950094 
0.26 0.8973635 
0.28 0.9004237 
0.3 0.9011299 
0.32 0.8740584 
0.34 0.8785311 
0.36 0.8782957 
0.38 0.7980226 
0.4 0.7751883 
0.42 0.6944444 
0.44 0.6388889 
0.46 0.6111111 
0.48 0.6111111 
0.5 0.5833333 
0.54 0.5555556 
0.58 0.5555556 
0.62 0.5555556 
0.66 0.5277778 
0.7 0.5 
0.74 0.5 
0.78 0.5 
------------- glassosf -------------
0.01 0.8389831 
0.02 0.8573446 
0.03 0.8700565 
0.04 0.8822976 
0.05 0.8971281 
0.06 0.9119586 
0.07 0.9216102 
0.08 0.9154896 
0.09 0.9211394 
0.1 0.922081 
0.12 0.882533 
0.14 0.8980697 
0.16 0.9004237 
0.18 0.9025424 
0.2 0.8512241 
0.22 0.75 
0.24 0.6388889 
0.26 0.5833333 
0.28 0.5833333 
0.3 0.5555556 
0.32 0.5277778 
0.34 0.5277778 
0.36 0.5 
0.38 0.5 
0.4 0.5 
0.42 0.5 
0.44 0.5 
0.46 0.5 
0.48 0.5 
0.5 0.5 
0.54 0.5 
0.58 0.5 
0.62 0.5 
0.66 0.5 
0.7 0.5 
0.74 0.5 
0.78 0.5 
------------- pcacmi -------------
------------- space -------------
0.01 0.8133239 
0.02 0.8225047 
0.03 0.8312147 
0.04 0.8330979 
0.05 0.8434557 
0.06 0.8399247 
0.07 0.8455744 
0.08 0.8495763 
0.09 0.8677024 
0.1 0.8700565 
0.12 0.8827684 
0.14 0.8905367 
0.16 0.8978343 
0.18 0.9091337 
0.2 0.9140772 
0.22 0.9192561 
0.24 0.9213748 
0.26 0.9237288 
0.28 0.9260829 
0.3 0.9282015 
0.32 0.9282015 
0.34 0.9070151 
0.36 0.9129002 
0.38 0.912194 
0.4 0.8914783 
0.42 0.8928908 
0.44 0.8968927 
0.46 0.8978343 
0.48 0.8997175 
0.5 0.873823 
0.54 0.8768832 
0.58 0.8526365 
0.62 0.8538136 
0.66 0.8533427 
0.7 0.8549906 
0.74 0.7740113 
0.78 0.7469397 
0.82 0.6638418 
0.86 0.6666667 
0.9 0.6388889 
0.94 0.6388889 
0.98 0.6111111 
------------- BayesianGLasso -------------
------------- ena -------------
Constructing using GeneNet ... OK
Constructing using neighborhood selection ... OK
Constructing using GLASSO ... OK
Constructing using GLASSO-SF ... OK
Constructing using PCACMI ... OK
Constructing using SPACE ... OK
Constructing using BayesianGLasso ... OK
Ensembling network using ENA ... OK
Permutating ... OK
Calculating confidence ... OK
       GeneNet             NS         GLasso      GLasso-sf         PCACMI 
       0.60405        0.90832        0.85507        0.87308        0.89007 
         SPACE BayesianGLasso            ENA 
       0.87418        0.90654        0.92514 

i: 4; seed: 0
Working with data/temp/tiny.nSample50.sigma0.2.csv ...
=================================================

------------- GeneNet -------------
------------- NS -------------
0.01 0.1567856 0.8420433 
0.02 0.3120914 0.8521657 
0.03 0.466008 0.8580508 
0.04 0.6186214 0.8578154 
0.05 0.7700128 0.8606403 
0.06 0.9202598 0.8648776 
0.07 1.069436 0.8613465 
0.08 1.217612 0.8700565 
0.09 1.364854 0.8775895 
0.1 1.511227 0.8806497 
0.12 1.801612 0.8910075 
0.14 2.089234 0.8945386 
0.16 2.374532 0.8973635 
0.18 2.657916 0.905838 
0.2 2.939778 0.9098399 
0.22 3.220493 0.9129002 
0.24 3.500424 0.9176083 
0.26 3.779924 0.9204331 
0.28 4.059341 0.9246704 
0.3 4.33902 0.9256121 
0.32 4.619308 0.9270245 
0.34 4.900552 0.9300847 
0.36 5.18311 0.9333804 
0.38 5.467346 0.9347928 
0.4 5.753639 0.9376177 
0.42 6.042385 0.9378531 
0.44 6.334002 0.9404426 
0.46 6.628931 0.9392655 
0.48 6.927647 0.9409134 
0.5 7.230661 0.9409134 
0.54 7.85186 0.9180791 
0.58 8.497676 0.8945386 
0.62 9.174494 0.8719397 
0.66 9.89051 0.8754708 
0.7 10.65663 0.8764124 
0.74 11.488 0.8768832 
0.78 12.40681 0.8248588 
0.82 13.44771 0.8269774 
0.86 14.67013 0.8286252 
0.9 16.19069 0.8027307 
0.94 18.29894 0.7222222 
0.98 22.25163 0.6666667 
------------- glasso -------------
0.01 0.8888889 
0.02 0.8964218 
0.03 0.9001883 
0.04 0.9131356 
0.05 0.9206685 
0.06 0.9246704 
0.07 0.9300847 
0.08 0.9333804 
0.09 0.9354991 
0.1 0.9369115 
0.12 0.9380885 
0.14 0.9378531 
0.16 0.9380885 
0.18 0.9136064 
0.2 0.9131356 
0.22 0.8660546 
0.24 0.844162 
0.26 0.8436911 
0.28 0.8189736 
0.3 0.8189736 
0.32 0.8189736 
0.34 0.7683616 
0.36 0.7695386 
0.38 0.742467 
0.4 0.7175141 
0.42 0.7175141 
0.44 0.7198682 
0.46 0.7196328 
0.48 0.6944444 
0.5 0.6944444 
0.54 0.6388889 
0.58 0.5833333 
0.62 0.5833333 
0.66 0.5555556 
0.7 0.5555556 
0.74 0.5277778 
0.78 0.5 
------------- glassosf -------------
0.01 0.8721751 
0.02 0.8933616 
0.03 0.904661 
0.04 0.914548 
0.05 0.9234934 
0.06 0.9366761 
0.07 0.9467985 
0.08 0.952919 
0.09 0.959275 
0.1 0.9599812 
0.12 0.933145 
0.14 0.8677024 
0.16 0.8439266 
0.18 0.8483992 
0.2 0.7968456 
0.22 0.7172787 
0.24 0.691855 
0.26 0.6944444 
0.28 0.6666667 
0.3 0.6111111 
0.32 0.5833333 
0.34 0.5555556 
0.36 0.5555556 
0.38 0.5 
0.4 0.5 
0.42 0.5 
0.44 0.5 
0.46 0.5 
0.48 0.5 
0.5 0.5 
0.54 0.5 
0.58 0.5 
0.62 0.5 
0.66 0.5 
0.7 0.5 
0.74 0.5 
0.78 0.5 
------------- pcacmi -------------
------------- space -------------
0.01 0.8418079 
0.02 0.854049 
0.03 0.8615819 
0.04 0.8733522 
0.05 0.8742938 
0.06 0.8830038 
0.07 0.8884181 
0.08 0.884887 
0.09 0.8893597 
0.1 0.8919492 
0.12 0.9011299 
0.14 0.9093691 
0.16 0.9152542 
0.18 0.9206685 
0.2 0.9249058 
0.22 0.9298493 
0.24 0.931968 
0.26 0.9345574 
0.28 0.9136064 
0.3 0.9187853 
0.32 0.9183145 
0.34 0.8931262 
0.36 0.8695857 
0.38 0.8719397 
0.4 0.8714689 
0.42 0.8719397 
0.44 0.8721751 
0.46 0.8474576 
0.48 0.8467514 
0.5 0.8479284 
0.54 0.8236817 
0.58 0.8248588 
0.62 0.7728343 
0.66 0.7747175 
0.7 0.7749529 
0.74 0.7749529 
0.78 0.7198682 
0.82 0.7198682 
0.86 0.7222222 
0.9 0.7222222 
0.94 0.6666667 
0.98 0.6666667 
------------- BayesianGLasso -------------
------------- ena -------------
Constructing using GeneNet ... OK
Constructing using neighborhood selection ... OK
Constructing using GLASSO ... OK
Constructing using GLASSO-SF ... OK
Constructing using PCACMI ... OK
Constructing using SPACE ... OK
Constructing using BayesianGLasso ... OK
Ensembling network using ENA ... OK
Permutating ... OK
Calculating confidence ... OK
       GeneNet             NS         GLasso      GLasso-sf         PCACMI 
       0.87806        0.93786        0.86726        0.88494        0.92985 
         SPACE BayesianGLasso            ENA 
       0.88186        0.94798        0.95151 

i: 5; seed: 0
Working with data/temp/tiny.nSample50.sigma0.2.csv ...
=================================================

------------- GeneNet -------------
------------- NS -------------
0.01 0.1766049 0.6840866 
0.02 0.3515429 0.6779661 
0.03 0.5249161 0.683145 
0.04 0.6968214 0.6814972 
0.05 0.8673503 0.6791431 
0.06 1.03659 0.6862053 
0.07 1.204624 0.6862053 
0.08 1.37153 0.6892655 
0.09 1.537385 0.6944444 
0.1 1.702262 0.7019774 
0.12 2.029354 0.7048023 
0.14 2.353335 0.7146893 
0.16 2.674697 0.7332863 
0.18 2.993903 0.7417608 
0.2 3.311396 0.7530603 
0.22 3.627596 0.779661 
0.24 3.942913 0.7653013 
0.26 4.257744 0.7676554 
0.28 4.572483 0.7749529 
0.3 4.887516 0.7777778 
0.32 5.203235 0.7631827 
0.34 5.520032 0.7669492 
0.36 5.838307 0.7737759 
0.38 6.158474 0.7777778 
0.4 6.480957 0.7615348 
0.42 6.806204 0.7702448 
0.44 7.134684 0.769774 
0.46 7.466895 0.7735405 
0.48 7.803372 0.7810734 
0.5 8.14469 0.7594162 
0.54 8.844415 0.7655367 
0.58 9.571868 0.7667137 
0.62 10.33424 0.7662429 
0.66 11.14077 0.7725989 
0.7 12.00373 0.7521186 
0.74 12.9402 0.7551789 
0.78 13.97515 0.7568267 
0.82 15.14764 0.7608286 
0.86 16.52458 0.7608286 
0.9 18.23736 0.7629473 
0.94 20.61211 0.761064 
0.98 25.06446 0.6565443 
------------- glasso -------------
0.01 0.7090395 
0.02 0.7255179 
0.03 0.7547081 
0.04 0.7662429 
0.05 0.7782486 
0.06 0.7909605 
0.07 0.7989642 
0.08 0.8032015 
0.09 0.8053202 
0.1 0.8072034 
0.12 0.8196798 
0.14 0.8326271 
0.16 0.8382768 
0.18 0.8043785 
0.2 0.8114407 
0.22 0.7973164 
0.24 0.8001412 
0.26 0.8034369 
0.28 0.8043785 
0.3 0.7848399 
0.32 0.7860169 
0.34 0.7601224 
0.36 0.7612994 
0.38 0.7375235 
0.4 0.7163371 
0.42 0.7144539 
0.44 0.7163371 
0.46 0.693032 
0.48 0.6953861 
0.5 0.670904 
0.54 0.652307 
0.58 0.6278249 
0.62 0.6031073 
0.66 0.5753296 
0.7 0.5277778 
0.74 0.5277778 
0.78 0.5277778 
------------- glassosf -------------
0.01 0.701742 
0.02 0.7146893 
0.03 0.7219868 
0.04 0.7554143 
0.05 0.7777778 
0.06 0.7991996 
0.07 0.7940207 
0.08 0.8185028 
0.09 0.819209 
0.1 0.8283898 
0.12 0.7886064 
0.14 0.7954331 
0.16 0.8067326 
0.18 0.7829567 
0.2 0.7342279 
0.22 0.742467 
0.24 0.7471751 
0.26 0.7222222 
0.28 0.6982109 
0.3 0.6485405 
0.32 0.6000471 
0.34 0.5758004 
0.36 0.5277778 
0.38 0.5277778 
0.4 0.5277778 
0.42 0.5277778 
0.44 0.5 
0.46 0.5 
0.48 0.5 
0.5 0.5 
0.54 0.5 
0.58 0.5 
0.62 0.5 
0.66 0.5 
0.7 0.5 
0.74 0.5 
0.78 0.5 
------------- pcacmi -------------
------------- space -------------
0.01 0.6789077 
0.02 0.6777307 
0.03 0.6793785 
0.04 0.6838512 
0.05 0.6798493 
0.06 0.6904426 
0.07 0.7022128 
0.08 0.7026836 
0.09 0.7097458 
0.1 0.7168079 
0.12 0.752354 
0.14 0.7535311 
0.16 0.7342279 
0.18 0.7417608 
0.2 0.7518832 
0.22 0.7525895 
0.24 0.75871 
0.26 0.7643597 
0.28 0.748823 
0.3 0.7525895 
0.32 0.757533 
0.34 0.7645951 
0.36 0.7671846 
0.38 0.7678908 
0.4 0.7735405 
0.42 0.7744821 
0.44 0.7747175 
0.46 0.7490584 
0.48 0.7528249 
0.5 0.7547081 
0.54 0.7565913 
0.58 0.7605932 
0.62 0.7624765 
0.66 0.7622411 
0.7 0.7638889 
0.74 0.7634181 
0.78 0.7358757 
0.82 0.7085687 
0.86 0.6814972 
0.9 0.6814972 
0.94 0.6836158 
0.98 0.655838 
------------- BayesianGLasso -------------
------------- ena -------------
Constructing using GeneNet ... OK
Constructing using neighborhood selection ... OK
Constructing using GLASSO ... OK
Constructing using GLASSO-SF ... OK
Constructing using PCACMI ... OK
Constructing using SPACE ... OK
Constructing using BayesianGLasso ... OK
Ensembling network using ENA ... OK
Permutating ... OK
Calculating confidence ... OK
       GeneNet             NS         GLasso      GLasso-sf         PCACMI 
       0.50000        0.78151        0.77591        0.77558        0.78790 
         SPACE BayesianGLasso            ENA 
       0.71992        0.80014        0.81521 

i: 6; seed: 0
Working with data/temp/tiny.nSample50.sigma0.2.csv ...
=================================================

------------- GeneNet -------------
------------- NS -------------
0.01 0.1870118 0.7168079 
0.02 0.3722583 0.7252825 
0.03 0.555848 0.7363465 
0.04 0.7378831 0.75 
0.05 0.9184608 0.76742 
0.06 1.097673 0.7787194 
0.07 1.275609 0.7909605 
0.08 1.45235 0.8060264 
0.09 1.627979 0.815678 
0.1 1.802571 0.8276836 
0.12 2.148938 0.8451036 
0.14 2.49201 0.8547552 
0.16 2.832309 0.863936 
0.18 3.170326 0.8707627 
0.2 3.506527 0.877354 
0.22 3.84136 0.8648776 
0.24 4.175258 0.8721751 
0.26 4.508641 0.8775895 
0.28 4.841926 0.8818267 
0.3 5.175524 0.8867702 
0.32 5.509847 0.8884181 
0.34 5.845312 0.8914783 
0.36 6.182342 0.8950094 
0.38 6.521375 0.8978343 
0.4 6.862862 0.8971281 
0.42 7.207274 0.8994821 
0.44 7.55511 0.9020716 
0.46 7.906898 0.904661 
0.48 8.263203 0.9063089 
0.5 8.624634 0.9077213 
0.54 9.365591 0.9103107 
0.58 10.13591 0.9138418 
0.62 10.94321 0.8907721 
0.66 11.79726 0.8917137 
0.7 12.71108 0.8945386 
0.74 13.70273 0.894774 
0.78 14.79867 0.8413371 
0.82 16.04025 0.7923729 
0.86 17.49833 0.7940207 
0.9 19.31203 0.8003766 
0.94 21.82672 0.8017891 
0.98 26.54144 0.75 
------------- glasso -------------
0.01 0.8227401 
0.02 0.8780603 
0.03 0.8968927 
0.04 0.9067797 
0.05 0.9136064 
0.06 0.915725 
0.07 0.9067797 
0.08 0.9107815 
0.09 0.9138418 
0.1 0.9152542 
0.12 0.9201977 
0.14 0.9041902 
0.16 0.9039548 
0.18 0.9048964 
0.2 0.903484 
0.22 0.9011299 
0.24 0.9018362 
0.26 0.8985405 
0.28 0.8778249 
0.3 0.855226 
0.32 0.829096 
0.34 0.8300377 
0.36 0.8072034 
0.38 0.7853107 
0.4 0.7911959 
0.42 0.7928437 
0.44 0.7660075 
0.46 0.7387006 
0.48 0.7452919 
0.5 0.7450565 
0.54 0.7175141 
0.58 0.7198682 
0.62 0.7222222 
0.66 0.6944444 
0.7 0.5555556 
0.74 0.5 
0.78 0.5 
------------- glassosf -------------
0.01 0.7662429 
0.02 0.8288606 
0.03 0.8764124 
0.04 0.895951 
0.05 0.9056026 
0.06 0.9152542 
0.07 0.9237288 
0.08 0.9159605 
0.09 0.9164313 
0.1 0.9037194 
0.12 0.903484 
0.14 0.9018362 
0.16 0.8521657 
0.18 0.8538136 
0.2 0.808145 
0.22 0.7874294 
0.24 0.7363465 
0.26 0.742467 
0.28 0.7151601 
0.3 0.7198682 
0.32 0.7222222 
0.34 0.7222222 
0.36 0.5277778 
0.38 0.5 
0.4 0.5 
0.42 0.5 
0.44 0.5 
0.46 0.5 
0.48 0.5 
0.5 0.5 
0.54 0.5 
0.58 0.5 
0.62 0.5 
0.66 0.5 
0.7 0.5 
0.74 0.5 
0.78 0.5 
------------- pcacmi -------------
------------- space -------------
0.01 0.7168079 
0.02 0.7337571 
0.03 0.7530603 
0.04 0.7751883 
0.05 0.7935499 
0.06 0.8229755 
0.07 0.8427495 
0.08 0.855226 
0.09 0.8669962 
0.1 0.8724105 
0.12 0.8870056 
0.14 0.8811205 
0.16 0.8679379 
0.18 0.8768832 
0.2 0.8815913 
0.22 0.8867702 
0.24 0.8921846 
0.26 0.8952448 
0.28 0.8985405 
0.3 0.9004237 
0.32 0.905838 
0.34 0.9077213 
0.36 0.9107815 
0.38 0.9112524 
0.4 0.9138418 
0.42 0.9143126 
0.44 0.9150188 
0.46 0.9164313 
0.48 0.9169021 
0.5 0.9161959 
0.54 0.8921846 
0.58 0.8415725 
0.62 0.8185028 
0.66 0.7937853 
0.7 0.7956685 
0.74 0.7975518 
0.78 0.799435 
0.82 0.8008475 
0.86 0.8006121 
0.9 0.7728343 
0.94 0.7471751 
0.98 0.7471751 
------------- BayesianGLasso -------------
------------- ena -------------
Constructing using GeneNet ... OK
Constructing using neighborhood selection ... OK
Constructing using GLASSO ... OK
Constructing using GLASSO-SF ... OK
Constructing using PCACMI ... OK
Constructing using SPACE ... OK
Constructing using BayesianGLasso ... OK
Ensembling network using ENA ... OK
Permutating ... OK
Calculating confidence ... OK
       GeneNet             NS         GLasso      GLasso-sf         PCACMI 
       0.77754        0.91129        0.84848        0.84278        0.91667 
         SPACE BayesianGLasso            ENA 
       0.88263        0.92043        0.91737 

i: 7; seed: 0
Working with data/temp/tiny.nSample50.sigma0.2.csv ...
=================================================

------------- GeneNet -------------
------------- NS -------------
0.01 0.2058979 0.7561205 
0.02 0.4098524 0.7492938 
0.03 0.6119826 0.7554143 
0.04 0.8124013 0.7657721 
0.05 1.011215 0.7641243 
0.06 1.208526 0.7653013 
0.07 1.404431 0.76742 
0.08 1.599022 0.7733051 
0.09 1.792387 0.7782486 
0.1 1.984611 0.7846045 
0.12 2.365958 0.7831921 
0.14 2.743676 0.7944915 
0.16 3.118341 0.8010829 
0.18 3.490494 0.8083804 
0.2 3.860648 0.8133239 
0.22 4.229296 0.8203861 
0.24 4.596913 0.8222693 
0.26 4.963965 0.8213277 
0.28 5.330908 0.8239171 
0.3 5.698196 0.8262712 
0.32 6.066282 0.8135593 
0.34 6.435625 0.8163842 
0.36 6.806692 0.8194444 
0.38 7.179963 0.8246234 
0.4 7.555936 0.8234463 
0.42 7.935131 0.8250942 
0.44 8.318095 0.825565 
0.46 8.705409 0.8300377 
0.48 9.097696 0.8062618 
0.5 9.495628 0.8086158 
0.54 10.31141 0.7942561 
0.58 11.15953 0.7940207 
0.62 12.04836 0.799435 
0.66 12.98866 0.8043785 
0.7 13.99476 0.8062618 
0.74 15.08656 0.7857815 
0.78 16.29318 0.7881356 
0.82 17.66014 0.7926083 
0.86 19.26547 0.7394068 
0.9 21.26234 0.7415254 
0.94 24.03099 0.7478814 
0.98 29.22183 0.6666667 
------------- glasso -------------
0.01 0.768597 
0.02 0.8008475 
0.03 0.8241525 
0.04 0.8448682 
0.05 0.8528719 
0.06 0.8592279 
0.07 0.8865348 
0.08 0.8917137 
0.09 0.8971281 
0.1 0.9008945 
0.12 0.9018362 
0.14 0.8891243 
0.16 0.8754708 
0.18 0.8613465 
0.2 0.8634652 
0.22 0.8667608 
0.24 0.8483992 
0.26 0.8514595 
0.28 0.855226 
0.3 0.8556968 
0.32 0.8319209 
0.34 0.8326271 
0.36 0.7556497 
0.38 0.7582392 
0.4 0.7627119 
0.42 0.7384652 
0.44 0.712806 
0.46 0.712806 
0.48 0.6857345 
0.5 0.6854991 
0.54 0.6610169 
0.58 0.6638418 
0.62 0.6666667 
0.66 0.6388889 
0.7 0.5833333 
0.74 0.5277778 
0.78 0.5277778 
------------- glassosf -------------
0.01 0.7438795 
0.02 0.7700094 
0.03 0.7956685 
0.04 0.8227401 
0.05 0.8436911 
0.06 0.8684087 
0.07 0.8893597 
0.08 0.8990113 
0.09 0.9088983 
0.1 0.9154896 
0.12 0.9084275 
0.14 0.8766478 
0.16 0.8799435 
0.18 0.8585217 
0.2 0.8079096 
0.22 0.788371 
0.24 0.7664783 
0.26 0.6852637 
0.28 0.6581921 
0.3 0.6638418 
0.32 0.6666667 
0.34 0.6111111 
0.36 0.6111111 
0.38 0.5277778 
0.4 0.5277778 
0.42 0.5 
0.44 0.5 
0.46 0.5 
0.48 0.5 
0.5 0.5 
0.54 0.5 
0.58 0.5 
0.62 0.5 
0.66 0.5 
0.7 0.5 
0.74 0.5 
0.78 0.5 
------------- pcacmi -------------
------------- space -------------
0.01 0.742467 
0.02 0.7441149 
0.03 0.7577684 
0.04 0.7730697 
0.05 0.778484 
0.06 0.7867232 
0.07 0.7890772 
0.08 0.7987288 
0.09 0.8062618 
0.1 0.8185028 
0.12 0.8305085 
0.14 0.8258004 
0.16 0.8312147 
0.18 0.8380414 
0.2 0.8403955 
0.22 0.8634652 
0.24 0.8702919 
0.26 0.8714689 
0.28 0.8717043 
0.3 0.8535782 
0.32 0.8771186 
0.34 0.8578154 
0.36 0.8392185 
0.38 0.8425141 
0.4 0.8488701 
0.42 0.8521657 
0.44 0.8554614 
0.46 0.8578154 
0.48 0.8601695 
0.5 0.8629944 
0.54 0.8408663 
0.58 0.8422787 
0.62 0.819209 
0.66 0.7991996 
0.7 0.8013183 
0.74 0.7756591 
0.78 0.75 
0.82 0.75 
0.86 0.75 
0.9 0.7222222 
0.94 0.7222222 
0.98 0.6944444 
------------- BayesianGLasso -------------
------------- ena -------------
Constructing using GeneNet ... OK
Constructing using neighborhood selection ... OK
Constructing using GLASSO ... OK
Constructing using GLASSO-SF ... OK
Constructing using PCACMI ... OK
Constructing using SPACE ... OK
Constructing using BayesianGLasso ... OK
Ensembling network using ENA ... OK
Permutating ... OK
Calculating confidence ... OK
       GeneNet             NS         GLasso      GLasso-sf         PCACMI 
       0.76977        0.82642        0.83893        0.84673        0.78814 
         SPACE BayesianGLasso            ENA 
       0.84278        0.88089        0.87830 

i: 8; seed: 0
Working with data/temp/tiny.nSample50.sigma0.2.csv ...
=================================================

------------- GeneNet -------------
------------- NS -------------
0.01 0.192646 0.8408663 
0.02 0.3834736 0.8422787 
0.03 0.5725944 0.8491055 
0.04 0.7601138 0.8443974 
0.05 0.9461319 0.8526365 
0.06 1.130744 0.8585217 
0.07 1.31404 0.8542844 
0.08 1.496106 0.8653484 
0.09 1.677026 0.8615819 
0.1 1.856878 0.8714689 
0.12 2.213681 0.8822976 
0.14 2.567089 0.8858286 
0.16 2.91764 0.8973635 
0.18 3.26584 0.8940678 
0.2 3.61217 0.8992467 
0.22 3.957091 0.9025424 
0.24 4.301049 0.9065443 
0.26 4.644476 0.9131356 
0.28 4.987802 0.9150188 
0.3 5.331451 0.9154896 
0.32 5.675846 0.9178437 
0.34 6.021417 0.9176083 
0.36 6.368602 0.9201977 
0.38 6.717849 0.9218456 
0.4 7.069624 0.9020716 
0.42 7.424413 0.9032486 
0.44 7.782729 0.9048964 
0.46 8.145115 0.9060734 
0.48 8.512154 0.9091337 
0.5 8.884474 0.9084275 
0.54 9.647755 0.8884181 
0.58 10.44128 0.8893597 
0.62 11.27291 0.8900659 
0.66 12.15269 0.8881827 
0.7 13.09404 0.8401601 
0.74 14.11557 0.8425141 
0.78 15.24452 0.845339 
0.82 16.52351 0.8488701 
0.86 18.02551 0.8486347 
0.9 19.89386 0.7690678 
0.94 22.48431 0.6890301 
0.98 27.34107 0.6666667 
------------- glasso -------------
0.01 0.8589925 
0.02 0.886064 
0.03 0.9084275 
0.04 0.9171375 
0.05 0.9223164 
0.06 0.9176083 
0.07 0.9241996 
0.08 0.9284369 
0.09 0.9312618 
0.1 0.930791 
0.12 0.9303202 
0.14 0.9267891 
0.16 0.9051318 
0.18 0.884887 
0.2 0.8839454 
0.22 0.8839454 
0.24 0.8832392 
0.26 0.8832392 
0.28 0.8604049 
0.3 0.8356874 
0.32 0.8382768 
0.34 0.8123823 
0.36 0.7874294 
0.38 0.7914313 
0.4 0.6847928 
0.42 0.6572505 
0.44 0.6600753 
0.46 0.6626648 
0.48 0.60758 
0.5 0.6078154 
0.54 0.5833333 
0.58 0.5833333 
0.62 0.5555556 
0.66 0.5555556 
0.7 0.5 
0.74 0.5 
0.78 0.5 
------------- glassosf -------------
0.01 0.8502825 
0.02 0.865113 
0.03 0.886064 
0.04 0.9041902 
0.05 0.9107815 
0.06 0.9206685 
0.07 0.9284369 
0.08 0.9329096 
0.09 0.934322 
0.1 0.9357345 
0.12 0.9336158 
0.14 0.8886535 
0.16 0.8839454 
0.18 0.8107345 
0.2 0.7900188 
0.22 0.7394068 
0.24 0.6322976 
0.26 0.6078154 
0.28 0.5833333 
0.3 0.5555556 
0.32 0.5555556 
0.34 0.5277778 
0.36 0.5 
0.38 0.5 
0.4 0.5 
0.42 0.5 
0.44 0.5 
0.46 0.5 
0.48 0.5 
0.5 0.5 
0.54 0.5 
0.58 0.5 
0.62 0.5 
0.66 0.5 
0.7 0.5 
0.74 0.5 
0.78 0.5 
------------- pcacmi -------------
------------- space -------------
0.01 0.8300377 
0.02 0.8408663 
0.03 0.8467514 
0.04 0.8545198 
0.05 0.8573446 
0.06 0.8693503 
0.07 0.873823 
0.08 0.8898305 
0.09 0.8900659 
0.1 0.9041902 
0.12 0.9126648 
0.14 0.9105461 
0.16 0.9190207 
0.18 0.923258 
0.2 0.9246704 
0.22 0.9291431 
0.24 0.9305556 
0.26 0.933145 
0.28 0.9366761 
0.3 0.9399718 
0.32 0.9425612 
0.34 0.9435028 
0.36 0.9435028 
0.38 0.9201977 
0.4 0.8971281 
0.42 0.8966573 
0.44 0.8721751 
0.46 0.8731168 
0.48 0.8747646 
0.5 0.8493409 
0.54 0.8483992 
0.58 0.8495763 
0.62 0.8521657 
0.66 0.8507533 
0.7 0.795904 
0.74 0.7714218 
0.78 0.7189266 
0.82 0.6638418 
0.86 0.6666667 
0.9 0.6666667 
0.94 0.6388889 
0.98 0.6388889 
------------- BayesianGLasso -------------
------------- ena -------------
Constructing using GeneNet ... OK
Constructing using neighborhood selection ... OK
Constructing using GLASSO ... OK
Constructing using GLASSO-SF ... OK
Constructing using PCACMI ... OK
Constructing using SPACE ... OK
Constructing using BayesianGLasso ... OK
Ensembling network using ENA ... OK
Permutating ... OK
Calculating confidence ... OK
       GeneNet             NS         GLasso      GLasso-sf         PCACMI 
       0.74153        0.92007        0.84080        0.83619        0.88018 
         SPACE BayesianGLasso            ENA 
       0.88461        0.89501        0.90749 

i: 9; seed: 0
Working with data/temp/tiny.nSample50.sigma0.2.csv ...
=================================================

------------- GeneNet -------------
------------- NS -------------
0.01 0.1775112 0.7015066 
0.02 0.3533469 0.6989171 
0.03 0.5276098 0.6996234 
0.04 0.7003971 0.7052731 
0.05 0.8718011 0.7151601 
0.06 1.041909 0.7224576 
0.07 1.210805 0.7283427 
0.08 1.378568 0.7332863 
0.09 1.545274 0.7403484 
0.1 1.710997 0.7483522 
0.12 2.039768 0.7601224 
0.14 2.365411 0.7721281 
0.16 2.688422 0.7775424 
0.18 3.009266 0.8022599 
0.2 3.328388 0.816855 
0.22 3.646211 0.8248588 
0.24 3.963146 0.8159134 
0.26 4.279593 0.8239171 
0.28 4.595946 0.8328625 
0.3 4.912597 0.8363936 
0.32 5.229935 0.8436911 
0.34 5.548358 0.845339 
0.36 5.868267 0.8507533 
0.38 6.190076 0.876177 
0.4 6.514214 0.8794727 
0.42 6.84113 0.88371 
0.44 7.171295 0.884887 
0.46 7.505211 0.8893597 
0.48 7.843415 0.8926554 
0.5 8.186485 0.8966573 
0.54 8.8898 0.903484 
0.58 9.620986 0.8841808 
0.62 10.38727 0.8599341 
0.66 11.19794 0.85758 
0.7 12.06533 0.835452 
0.74 13.00661 0.8140301 
0.78 14.04687 0.8175612 
0.82 15.22537 0.7688324 
0.86 16.60938 0.7457627 
0.9 18.33094 0.7478814 
0.94 20.71788 0.75 
0.98 25.19308 0.7222222 
------------- glasso -------------
0.01 0.7474105 
0.02 0.7867232 
0.03 0.8154426 
0.04 0.8392185 
0.05 0.8535782 
0.06 0.8653484 
0.07 0.8768832 
0.08 0.8870056 
0.09 0.8893597 
0.1 0.8964218 
0.12 0.9008945 
0.14 0.9041902 
0.16 0.9098399 
0.18 0.8905367 
0.2 0.8681733 
0.22 0.8717043 
0.24 0.8274482 
0.26 0.8274482 
0.28 0.8309793 
0.3 0.808145 
0.32 0.7843691 
0.34 0.7589454 
0.36 0.7344633 
0.38 0.7375235 
0.4 0.7151601 
0.42 0.7151601 
0.44 0.7151601 
0.46 0.7198682 
0.48 0.7198682 
0.5 0.7198682 
0.54 0.7222222 
0.58 0.6388889 
0.62 0.6111111 
0.66 0.6111111 
0.7 0.6111111 
0.74 0.5833333 
0.78 0.5555556 
------------- glassosf -------------
0.01 0.7316384 
0.02 0.7551789 
0.03 0.7916667 
0.04 0.8239171 
0.05 0.8554614 
0.06 0.8797081 
0.07 0.8940678 
0.08 0.9025424 
0.09 0.9103107 
0.1 0.915725 
0.12 0.9048964 
0.14 0.8820621 
0.16 0.8104991 
0.18 0.8142655 
0.2 0.7902542 
0.22 0.7403484 
0.24 0.7198682 
0.26 0.7198682 
0.28 0.6944444 
0.3 0.6388889 
0.32 0.6388889 
0.34 0.6111111 
0.36 0.6111111 
0.38 0.6111111 
0.4 0.5555556 
0.42 0.5277778 
0.44 0.5 
0.46 0.5 
0.48 0.5 
0.5 0.5 
0.54 0.5 
0.58 0.5 
0.62 0.5 
0.66 0.5 
0.7 0.5 
0.74 0.5 
0.78 0.5 
------------- pcacmi -------------
------------- space -------------
0.01 0.6991525 
0.02 0.7118644 
0.03 0.7123352 
0.04 0.7283427 
0.05 0.7403484 
0.06 0.7561205 
0.07 0.7704802 
0.08 0.7827213 
0.09 0.7961394 
0.1 0.8020245 
0.12 0.8246234 
0.14 0.8396893 
0.16 0.8582863 
0.18 0.8585217 
0.2 0.8434557 
0.22 0.8495763 
0.24 0.8535782 
0.26 0.8606403 
0.28 0.8648776 
0.3 0.8679379 
0.32 0.8724105 
0.34 0.875 
0.36 0.8766478 
0.38 0.8531073 
0.4 0.8549906 
0.42 0.8578154 
0.44 0.8594633 
0.46 0.8634652 
0.48 0.8382768 
0.5 0.7857815 
0.54 0.7648305 
0.58 0.7683616 
0.62 0.7436441 
0.66 0.7457627 
0.7 0.75 
0.74 0.75 
0.78 0.75 
0.82 0.75 
0.86 0.75 
0.9 0.7222222 
0.94 0.7222222 
0.98 0.7222222 
------------- BayesianGLasso -------------
------------- ena -------------
Constructing using GeneNet ... OK
Constructing using neighborhood selection ... OK
Constructing using GLASSO ... OK
Constructing using GLASSO-SF ... OK
Constructing using PCACMI ... OK
Constructing using SPACE ... OK
Constructing using BayesianGLasso ... OK
Ensembling network using ENA ... OK
Permutating ... OK
Calculating confidence ... OK
       GeneNet             NS         GLasso      GLasso-sf         PCACMI 
       0.50000        0.88911        0.82883        0.82960        0.87524 
         SPACE BayesianGLasso            ENA 
       0.84497        0.84181        0.89313 

i: 10; seed: 0
Working with data/temp/tiny.nSample50.sigma0.2.csv ...
=================================================

------------- GeneNet -------------
------------- NS -------------
0.01 0.1560191 0.740113 
0.02 0.3105655 0.74129 
0.03 0.4637297 0.7403484 
0.04 0.6155969 0.7419962 
0.05 0.7662482 0.7396422 
0.06 0.9157606 0.7408192 
0.07 1.064207 0.7387006 
0.08 1.211659 0.7370527 
0.09 1.358181 0.729049 
0.1 1.503839 0.7295198 
0.12 1.792804 0.7153955 
0.14 2.07902 0.7330508 
0.16 2.362922 0.7445857 
0.18 2.644921 0.7629473 
0.2 2.925405 0.7690678 
0.22 3.204748 0.7749529 
0.24 3.48331 0.780838 
0.26 3.761443 0.7855461 
0.28 4.039494 0.7926083 
0.3 4.317806 0.7928437 
0.32 4.596723 0.8039077 
0.34 4.876593 0.8064972 
0.36 5.157769 0.8104991 
0.38 5.440615 0.8133239 
0.4 5.725509 0.8175612 
0.42 6.012843 0.8229755 
0.44 6.303034 0.8248588 
0.46 6.596521 0.8272128 
0.48 6.893777 0.8302731 
0.5 7.19531 0.8345104 
0.54 7.813472 0.8403955 
0.58 8.45613 0.8196798 
0.62 9.12964 0.8215631 
0.66 9.842154 0.8234463 
0.7 10.60453 0.8250942 
0.74 11.43184 0.8286252 
0.78 12.34615 0.8298023 
0.82 13.38197 0.8039077 
0.86 14.5984 0.7848399 
0.9 16.11153 0.7850753 
0.94 18.20947 0.7886064 
0.98 22.14284 0.6306497 
------------- glasso -------------
0.01 0.7690678 
0.02 0.7893126 
0.03 0.7930791 
0.04 0.8123823 
0.05 0.8241525 
0.06 0.8309793 
0.07 0.8415725 
0.08 0.8469868 
0.09 0.8491055 
0.1 0.8524011 
0.12 0.8580508 
0.14 0.8646422 
0.16 0.8679379 
0.18 0.8514595 
0.2 0.8542844 
0.22 0.8382768 
0.24 0.8387476 
0.26 0.8399247 
0.28 0.8196798 
0.3 0.8222693 
0.32 0.8050847 
0.34 0.8102637 
0.36 0.8107345 
0.38 0.8095574 
0.4 0.7570621 
0.42 0.6810264 
0.44 0.6810264 
0.46 0.6833804 
0.48 0.6563089 
0.5 0.6586629 
0.54 0.579096 
0.58 0.5235405 
0.62 0.5 
0.66 0.5 
0.7 0.5 
0.74 0.5 
0.78 0.5 
------------- glassosf -------------
0.01 0.7612994 
0.02 0.7749529 
0.03 0.7848399 
0.04 0.7961394 
0.05 0.8140301 
0.06 0.835452 
0.07 0.8479284 
0.08 0.8556968 
0.09 0.8620527 
0.1 0.867467 
0.12 0.8533427 
0.14 0.8401601 
0.16 0.846516 
0.18 0.8307439 
0.2 0.8385122 
0.22 0.73258 
0.24 0.6850282 
0.26 0.6871469 
0.28 0.6071092 
0.3 0.5 
0.32 0.5 
0.34 0.5 
0.36 0.5 
0.38 0.5 
0.4 0.5 
0.42 0.5 
0.44 0.5 
0.46 0.5 
0.48 0.5 
0.5 0.5 
0.54 0.5 
0.58 0.5 
0.62 0.5 
0.66 0.5 
0.7 0.5 
0.74 0.5 
0.78 0.5 
------------- pcacmi -------------
------------- space -------------
0.01 0.7363465 
0.02 0.7391714 
0.03 0.7464689 
0.04 0.7478814 
0.05 0.7438795 
0.06 0.7530603 
0.07 0.7537665 
0.08 0.740113 
0.09 0.7556497 
0.1 0.7540019 
0.12 0.7754237 
0.14 0.7860169 
0.16 0.7984934 
0.18 0.8060264 
0.2 0.8126177 
0.22 0.8001412 
0.24 0.8034369 
0.26 0.8072034 
0.28 0.8119115 
0.3 0.8163842 
0.32 0.8187382 
0.34 0.8203861 
0.36 0.8225047 
0.38 0.825565 
0.4 0.8258004 
0.42 0.8248588 
0.44 0.8283898 
0.46 0.8295669 
0.48 0.8295669 
0.5 0.8305085 
0.54 0.8072034 
0.58 0.8116761 
0.62 0.7862524 
0.66 0.7855461 
0.7 0.7850753 
0.74 0.7836629 
0.78 0.7570621 
0.82 0.730226 
0.86 0.652307 
0.9 0.6525424 
0.94 0.6584275 
0.98 0.6617232 
------------- BayesianGLasso -------------
------------- ena -------------
Constructing using GeneNet ... OK
Constructing using neighborhood selection ... OK
Constructing using GLASSO ... OK
Constructing using GLASSO-SF ... OK
Constructing using PCACMI ... OK
Constructing using SPACE ... OK
Constructing using BayesianGLasso ... OK
Ensembling network using ENA ... OK
Permutating ... OK
Calculating confidence ... OK
       GeneNet             NS         GLasso      GLasso-sf         PCACMI 
       0.73282        0.81181        0.79249        0.78854        0.79143 
         SPACE BayesianGLasso            ENA 
       0.76768        0.79520        0.83992 

